# k = 12
# N = 600
# alpha = 2
# beta = 1.06896551724
# Qe = 0.4
#	FromNodeId	ToNodeId
0	1
0	9
0	17
0	21
0	23
0	24
0	101
0	102
0	135
0	277
0	314
0	374
1	6
1	11
1	14
1	21
1	29
1	39
1	44
1	45
1	102
1	357
2	7
2	25
2	28
2	119
2	127
2	139
2	140
2	367
2	369
3	6
3	10
3	12
3	20
3	23
3	28
3	29
3	37
3	46
3	47
3	115
3	121
3	122
3	231
3	336
3	514
3	539
4	7
4	8
4	13
4	16
4	17
4	28
4	33
4	45
4	129
4	141
4	149
4	184
5	15
5	28
5	34
5	44
5	113
5	138
5	142
5	253
5	393
6	32
6	33
6	37
6	42
6	44
6	134
6	142
6	372
6	394
7	12
7	19
7	26
7	28
7	31
7	35
7	42
7	43
7	44
7	45
7	364
7	370
7	386
7	389
7	390
8	28
8	40
8	42
8	357
9	32
9	42
9	105
9	148
9	515
10	14
10	15
10	16
10	40
10	113
10	146
10	379
10	381
11	16
11	32
11	140
11	143
11	275
11	287
11	386
11	392
11	506
12	13
12	22
12	29
12	31
12	33
12	105
12	112
12	140
12	372
13	15
13	31
13	40
13	43
13	49
13	116
14	22
14	23
14	32
14	33
14	43
14	45
14	279
14	322
14	364
15	28
15	29
15	36
15	46
15	107
15	117
15	154
15	190
15	257
15	350
15	511
16	22
16	33
16	35
16	48
16	49
16	102
16	142
16	196
17	19
17	21
17	30
17	34
17	43
17	44
17	47
17	111
17	138
17	147
17	257
18	27
18	39
18	42
18	45
18	46
18	102
18	105
18	132
18	143
18	367
18	387
19	20
19	27
19	39
19	47
19	121
19	149
19	263
19	289
19	381
19	382
19	505
20	23
20	31
20	42
20	44
20	48
20	115
20	142
20	376
20	388
21	26
21	28
21	29
21	33
21	34
21	37
21	148
21	380
22	33
22	34
22	45
22	125
22	273
23	28
23	36
23	38
23	40
23	41
23	42
23	44
23	46
23	47
23	48
23	49
23	105
23	107
23	116
23	170
23	261
23	385
23	533
24	35
24	398
25	26
25	28
25	38
25	41
25	113
25	252
25	356
25	537
26	34
26	39
26	48
26	121
26	369
27	32
27	33
27	36
27	37
27	40
27	104
27	139
27	148
27	389
28	35
28	100
28	311
28	395
29	46
29	49
29	108
29	117
29	378
30	121
30	144
30	265
31	34
31	43
31	49
31	109
31	122
31	125
31	128
31	130
31	166
31	182
31	399
32	34
32	37
32	38
32	105
32	121
32	297
32	315
32	356
33	36
33	47
33	125
33	127
33	283
34	39
34	42
34	109
34	128
34	144
34	383
35	39
35	49
35	133
35	152
35	345
35	372
36	108
36	389
37	38
37	39
37	41
37	49
37	100
37	364
38	39
38	43
38	49
38	110
38	127
38	130
38	134
38	182
38	378
38	379
39	40
39	46
39	47
39	298
39	305
39	370
40	45
40	47
40	114
40	115
40	136
40	298
40	386
40	387
41	42
41	127
41	141
41	382
42	103
42	146
42	396
43	46
43	115
44	272
44	544
45	190
45	360
46	48
46	119
46	150
47	381
48	49
48	378
48	384
48	394
49	376
49	384
50	59
50	66
50	73
50	74
50	76
50	82
50	88
50	414
50	416
51	88
51	93
51	95
51	96
51	349
51	393
51	411
51	436
52	56
52	57
52	63
52	67
52	74
52	84
52	85
52	87
52	92
52	369
52	403
52	476
52	586
53	59
53	60
53	65
53	85
53	89
53	99
53	405
53	406
54	75
54	87
54	90
54	92
54	93
54	94
54	97
54	314
54	402
54	415
54	447
54	559
55	60
55	77
55	83
55	91
55	97
55	98
55	599
56	57
56	64
56	69
56	89
56	310
56	371
56	400
56	401
56	434
57	65
57	81
57	93
57	385
57	396
57	410
57	448
58	84
58	85
58	87
58	88
58	90
58	91
58	353
58	357
58	384
58	421
58	443
59	64
59	65
59	72
59	79
59	86
59	312
59	406
59	428
60	63
60	65
60	69
60	73
60	79
60	80
60	89
60	97
60	314
60	402
60	418
61	78
61	87
61	88
61	89
61	95
61	99
61	323
62	86
62	87
62	88
62	89
62	98
62	402
62	443
63	64
63	65
63	67
63	79
63	80
63	82
63	91
63	96
63	381
64	69
64	71
64	76
64	83
64	84
64	85
64	87
64	88
64	92
64	95
64	96
64	98
64	420
64	425
65	68
65	70
65	80
65	83
65	86
65	99
65	329
65	431
65	570
66	74
66	78
66	81
66	92
66	95
66	433
66	448
67	74
67	79
67	82
67	88
67	95
67	97
67	321
67	401
67	405
67	445
68	72
68	74
68	99
68	320
68	395
68	432
69	75
69	85
69	88
69	90
69	99
69	311
69	348
69	365
69	395
69	424
69	444
70	86
70	95
70	353
70	427
70	444
70	563
71	85
71	87
71	339
71	388
71	406
71	407
71	416
71	417
72	83
72	342
72	413
72	414
72	418
72	433
72	438
73	76
73	98
73	99
73	304
73	308
73	395
74	85
74	90
74	92
74	95
74	96
74	322
74	341
74	400
74	421
74	597
75	78
75	86
75	91
75	93
75	98
75	354
75	361
75	378
75	412
75	437
75	447
75	459
75	556
76	78
76	83
76	86
76	87
76	91
76	443
76	447
77	80
77	86
77	94
77	324
77	401
77	408
77	414
77	439
77	441
77	591
78	80
78	88
78	311
78	368
79	83
79	84
79	85
79	93
79	436
80	81
80	83
80	87
80	93
80	96
80	397
81	86
81	95
81	331
81	345
81	362
81	368
81	418
82	86
82	89
82	97
82	98
82	383
82	446
83	99
83	330
83	347
83	402
83	418
83	441
83	444
84	374
84	407
84	414
84	437
84	445
85	89
85	343
85	346
86	319
86	395
86	403
86	425
86	445
86	447
86	480
87	96
87	352
87	357
88	316
88	414
88	415
88	420
88	442
89	98
89	300
89	324
89	404
89	417
89	420
89	442
90	95
90	96
90	375
90	391
90	440
90	448
90	580
91	308
91	382
91	406
92	99
92	378
92	414
92	420
92	431
93	96
93	341
93	363
93	399
93	443
93	591
94	97
94	364
94	403
94	431
94	591
95	97
95	402
95	422
95	434
95	563
96	360
97	99
97	311
97	322
97	346
97	362
97	391
97	435
97	442
97	576
98	309
98	407
98	414
98	438
98	551
98	571
100	103
100	110
100	119
100	122
100	135
100	147
100	364
101	139
101	149
101	389
102	104
102	109
102	111
102	119
102	124
102	130
102	394
102	529
103	105
103	108
103	113
103	127
103	128
103	133
103	134
103	141
103	142
103	146
103	371
103	478
104	112
104	113
104	120
104	133
104	137
104	140
104	141
104	395
104	455
104	462
104	544
105	107
105	113
105	124
105	131
105	133
105	138
105	139
105	148
105	362
106	112
106	115
106	116
106	127
106	136
106	146
107	113
107	119
107	124
107	143
107	147
107	359
107	373
108	117
108	119
108	123
108	128
108	142
108	144
108	147
108	541
109	111
109	116
109	118
109	120
109	121
109	125
109	134
109	141
109	357
109	361
110	118
110	121
110	126
110	127
110	143
110	361
111	112
111	116
111	121
111	127
111	133
111	147
111	374
112	117
112	126
112	131
112	137
112	140
112	145
112	149
112	203
113	125
113	127
113	132
113	146
113	147
113	362
113	381
113	385
114	121
114	123
114	124
114	125
114	130
114	136
114	137
114	143
114	147
114	359
114	380
115	125
115	127
115	134
115	137
115	146
115	149
115	359
115	380
115	495
116	117
116	120
116	123
116	131
116	147
117	139
117	141
117	145
117	379
117	481
117	548
118	123
118	134
118	145
118	146
118	479
119	124
119	131
119	136
119	140
119	144
119	361
120	127
120	139
120	526
121	131
121	483
121	546
122	124
122	149
122	354
122	363
123	129
123	133
123	135
123	136
123	141
123	143
123	358
123	364
124	134
124	138
124	141
124	142
124	144
124	366
124	373
125	139
125	140
125	397
125	538
126	128
126	137
126	138
126	372
127	133
127	140
127	147
127	149
127	463
127	506
128	134
128	357
129	141
129	144
129	145
129	149
130	132
131	133
131	140
132	142
132	143
132	145
133	134
133	143
133	241
133	378
134	136
134	147
134	149
135	136
135	140
135	145
135	149
135	367
135	453
135	483
135	504
136	143
137	138
138	142
138	354
138	399
138	549
139	146
139	364
140	363
140	366
141	148
141	487
142	148
142	185
142	355
143	144
143	147
143	149
143	185
143	390
144	147
144	496
146	239
146	389
146	485
147	329
148	200
148	379
149	381
150	154
150	159
150	168
150	173
150	176
150	177
150	201
150	210
150	243
150	248
151	156
151	158
151	159
151	164
151	165
151	168
151	172
151	180
151	184
151	189
151	193
151	198
151	218
151	230
151	336
152	156
152	166
152	175
152	180
152	183
152	191
152	192
152	198
152	199
152	207
152	216
152	327
153	178
153	189
153	190
153	191
153	226
153	333
154	175
154	181
154	185
154	189
154	192
154	193
154	218
154	222
154	245
155	158
155	164
155	173
155	185
155	186
155	194
155	197
155	237
155	239
156	166
156	170
156	173
156	174
156	177
156	182
156	184
156	194
156	204
156	214
156	225
156	247
156	248
156	331
157	177
157	183
157	185
157	226
158	165
158	166
158	175
158	194
158	197
158	203
158	220
158	223
158	338
159	163
159	164
159	168
159	182
159	194
159	198
159	248
160	166
160	182
160	198
160	217
160	324
161	162
161	164
161	179
161	183
161	208
161	216
161	231
161	249
161	330
162	163
162	165
162	167
162	169
162	177
162	180
162	184
162	186
162	192
162	201
162	214
163	169
163	170
163	172
163	173
163	183
163	184
163	199
163	205
163	238
164	168
164	171
164	172
164	176
164	179
164	182
164	189
164	194
164	196
164	197
164	208
164	215
164	220
164	228
165	171
165	173
165	195
165	196
165	198
165	203
165	220
165	243
165	300
165	301
166	183
166	188
166	196
166	200
166	208
166	220
166	229
166	230
166	236
166	313
166	330
167	173
167	175
167	179
167	183
167	187
167	190
167	193
167	200
167	204
167	227
167	241
167	302
168	177
168	203
168	217
168	219
168	227
168	248
169	177
169	187
169	197
170	183
170	188
170	193
170	200
171	187
171	190
171	220
171	247
171	325
172	176
172	183
172	189
172	231
173	179
173	180
173	190
173	212
173	213
173	223
173	226
174	189
174	192
174	194
174	218
174	225
174	320
174	323
174	327
174	337
175	179
175	190
175	193
175	194
175	197
175	199
175	213
175	245
175	246
176	181
176	194
176	195
176	199
176	202
177	182
177	184
177	197
177	232
177	234
177	340
178	182
178	183
178	210
178	213
178	218
178	232
178	242
178	246
179	189
179	202
179	227
179	239
180	186
180	190
180	194
180	226
180	241
180	247
180	325
180	345
181	183
181	186
181	187
181	213
181	221
181	245
181	327
182	190
182	231
182	243
183	194
183	195
183	198
183	206
183	212
183	214
183	229
184	186
184	187
184	192
184	194
184	212
184	218
184	303
184	317
184	349
185	189
185	194
185	209
185	211
185	311
185	325
185	336
186	187
186	191
186	200
186	241
186	243
187	193
187	199
187	206
187	218
188	195
188	197
188	212
188	220
188	227
188	228
188	232
188	347
188	349
189	199
189	201
190	196
190	221
190	249
190	309
190	319
191	233
192	194
192	204
192	245
192	249
192	313
193	195
193	210
193	225
193	238
193	247
193	348
194	210
194	221
194	243
194	249
194	315
194	336
195	198
195	202
195	210
195	223
195	229
195	246
195	247
196	216
196	224
196	227
196	349
197	200
197	205
198	209
198	210
198	236
198	244
198	249
199	334
200	212
200	216
200	219
200	228
200	229
200	233
200	245
200	512
201	202
201	203
201	210
201	215
201	235
201	236
201	238
201	239
201	244
201	246
201	353
201	465
201	467
202	206
202	213
202	214
202	215
202	218
202	224
202	225
202	227
202	228
202	229
202	230
202	233
202	236
202	242
202	248
202	474
203	207
203	208
203	211
203	219
203	240
203	242
203	243
203	245
203	246
204	214
204	217
204	225
204	233
204	238
204	243
205	211
205	214
205	215
205	393
206	211
206	220
206	226
206	232
206	239
206	456
207	211
207	214
207	222
207	227
207	234
207	380
207	455
208	220
208	244
208	247
208	455
209	213
209	217
209	225
209	242
209	535
211	212
211	213
211	215
211	217
211	218
211	222
211	223
211	229
211	231
211	232
211	240
211	243
211	475
212	217
212	246
212	249
212	506
213	235
213	244
213	247
214	233
214	238
214	239
214	249
214	363
214	457
215	224
215	233
215	236
215	240
215	243
215	245
215	248
215	451
216	219
216	234
216	243
216	246
217	223
217	224
217	227
217	228
217	249
217	459
218	223
218	228
218	494
219	229
219	243
219	454
219	484
219	538
220	222
220	234
220	242
221	244
221	246
221	249
221	367
221	476
222	226
222	229
222	238
222	240
223	229
223	232
223	233
223	240
223	245
223	247
223	248
223	398
224	226
224	237
224	461
225	234
225	237
225	246
225	247
225	366
226	228
226	377
227	228
227	229
227	247
227	249
227	360
227	361
227	364
227	455
227	494
228	237
228	241
228	243
228	245
228	247
229	233
229	234
229	238
229	248
229	352
230	234
230	239
230	241
230	249
231	235
231	236
231	244
232	238
232	244
232	248
233	242
233	246
233	247
233	249
233	363
234	246
234	249
235	243
235	246
235	247
235	452
236	242
236	458
237	240
237	242
237	373
238	245
240	243
240	248
240	491
241	244
241	459
241	473
242	362
242	386
243	248
244	245
244	544
245	247
249	452
249	482
250	265
250	285
250	289
250	290
250	297
250	550
250	558
250	560
250	573
250	581
250	593
251	279
251	280
251	281
251	293
251	558
251	566
251	588
251	599
252	253
252	266
252	275
252	280
252	554
252	568
252	571
252	597
253	254
253	265
253	268
253	272
253	283
253	292
253	293
253	296
253	299
253	557
253	593
254	259
254	261
254	266
254	273
254	278
254	287
254	293
254	298
254	560
254	563
254	574
255	259
255	270
255	276
255	277
255	284
255	293
255	294
255	567
255	574
256	261
256	268
256	287
256	297
256	566
256	569
256	586
257	271
257	276
257	282
257	289
257	571
257	582
257	595
258	260
258	265
258	275
258	276
258	294
259	264
259	265
259	275
259	279
259	281
259	284
259	296
259	297
259	299
259	560
259	564
259	579
259	592
260	267
260	284
260	289
260	290
260	565
260	594
260	595
261	262
261	282
261	283
261	297
261	556
261	572
261	595
262	263
262	264
262	270
262	271
262	286
262	287
262	565
263	265
263	269
263	276
263	281
263	285
263	289
263	582
263	591
263	599
264	265
264	271
264	289
264	293
264	295
264	296
264	556
264	572
264	595
265	279
265	286
265	290
265	294
265	299
265	560
265	568
265	579
265	582
265	586
266	280
266	292
266	566
266	570
266	577
266	588
267	274
267	276
267	279
267	280
267	558
268	276
268	289
268	556
268	558
268	595
268	599
269	285
269	287
269	298
269	567
269	571
269	584
270	293
270	296
270	562
270	598
271	274
271	277
271	280
271	293
271	297
271	568
271	573
271	580
271	590
271	595
272	277
272	281
272	287
272	294
272	296
272	551
272	558
272	579
273	277
273	288
273	297
273	299
273	559
273	568
273	589
273	593
274	280
274	286
274	288
274	289
274	290
274	295
274	296
274	298
274	553
274	560
274	567
274	570
274	572
274	574
275	291
275	295
275	570
275	575
275	585
275	587
275	597
276	278
276	282
276	285
276	287
276	296
276	568
276	585
276	598
277	279
277	292
277	294
277	552
277	594
278	284
278	295
278	299
278	550
278	558
278	576
278	580
279	293
279	294
279	298
279	559
279	562
279	579
279	580
279	594
280	285
280	286
280	293
280	294
280	299
280	550
280	558
280	565
280	580
280	582
280	592
281	285
281	293
281	388
281	556
281	560
282	283
282	291
283	285
283	292
283	294
283	571
283	575
283	587
284	293
284	561
285	287
285	290
285	557
285	584
285	586
285	593
286	288
286	289
286	295
286	296
286	299
286	553
286	563
286	575
287	292
287	293
287	554
287	565
287	568
287	575
287	577
288	294
288	295
288	296
288	562
288	565
288	566
288	569
288	589
289	293
289	299
289	551
289	564
289	576
289	581
289	583
289	595
290	295
291	295
291	569
291	582
292	297
292	555
292	558
292	572
292	574
292	592
293	295
293	299
293	574
293	592
293	597
294	558
294	565
294	594
295	550
295	553
295	581
295	594
296	297
296	556
296	567
296	581
296	589
297	299
297	562
297	567
297	578
297	580
297	594
298	555
298	592
298	597
299	560
299	567
299	597
299	599
300	308
300	333
300	336
300	347
300	364
300	405
301	311
301	413
301	443
302	309
302	315
302	316
302	320
302	328
302	338
302	346
303	310
303	311
303	313
303	330
303	332
303	336
303	337
303	338
303	346
303	347
303	371
303	373
304	316
304	319
304	325
304	341
304	347
304	348
304	371
304	425
304	426
305	323
305	326
305	331
305	335
305	339
306	318
306	335
306	349
306	382
306	427
306	435
307	309
307	311
307	318
307	320
307	321
307	326
307	327
307	333
307	339
307	344
307	418
308	318
308	322
308	341
308	342
308	344
308	345
308	348
308	363
308	419
309	316
309	326
309	329
309	376
309	441
310	313
310	330
310	333
310	338
310	346
310	388
310	433
311	312
311	313
311	315
311	318
311	319
311	326
311	349
311	356
312	318
312	340
312	341
312	346
312	395
312	414
313	324
313	328
313	348
313	382
313	403
313	438
313	442
313	446
313	497
314	320
314	344
314	413
314	424
314	432
314	455
315	317
315	326
315	332
315	346
315	348
315	349
315	364
315	458
316	322
316	323
316	341
316	344
316	362
316	381
316	446
317	323
317	329
317	337
317	338
317	343
317	345
317	355
318	320
318	336
318	338
318	339
318	341
318	347
318	473
319	322
319	331
319	334
319	337
319	338
319	445
320	336
320	338
320	344
320	348
320	415
320	444
321	326
321	328
321	331
321	333
321	336
321	340
321	361
322	327
322	332
322	335
322	336
322	340
322	345
322	346
322	348
322	349
322	361
322	408
322	414
322	440
323	324
323	325
323	326
323	339
323	341
323	345
323	372
323	385
323	403
324	328
324	339
324	341
324	345
324	360
324	415
325	337
325	343
325	346
325	417
325	448
325	482
326	332
326	344
326	346
326	348
326	404
326	420
326	436
326	445
326	457
327	333
327	337
327	450
328	339
328	341
328	347
328	434
329	343
329	344
330	334
330	344
330	345
330	358
330	388
330	443
331	389
332	334
332	338
332	343
332	345
332	346
332	349
332	413
332	434
333	347
333	349
333	413
333	449
334	341
334	344
334	377
334	440
334	441
335	342
335	427
335	429
336	340
336	417
336	426
336	431
336	437
337	338
337	339
337	391
337	400
337	427
337	452
337	497
338	339
338	345
338	347
338	375
338	438
339	343
339	347
340	343
340	345
340	349
340	359
341	348
341	350
341	421
342	355
342	421
342	444
343	349
344	386
344	442
345	412
345	443
346	419
346	426
347	348
347	353
347	365
347	434
347	447
347	462
348	402
348	420
349	361
349	440
350	355
350	356
350	380
350	389
350	396
351	368
351	374
351	378
351	387
352	365
352	375
352	377
352	387
353	355
353	364
353	369
353	373
353	379
353	389
353	391
353	392
354	355
354	356
354	358
354	360
354	363
354	370
354	392
354	396
354	397
354	399
355	357
355	364
355	379
355	388
355	397
356	363
356	367
356	394
356	395
356	397
357	359
357	360
357	361
357	362
357	370
357	372
357	378
357	382
358	380
358	383
358	392
358	395
358	397
359	368
359	372
359	380
359	381
359	382
359	383
359	385
360	377
360	387
360	390
360	393
360	397
361	367
361	368
361	387
361	388
361	393
361	394
361	581
362	367
362	373
362	380
362	383
362	385
362	392
362	394
362	399
363	366
363	367
363	370
363	375
363	376
363	386
363	394
363	397
364	378
364	387
364	388
364	392
364	393
365	375
365	386
366	369
366	389
367	372
367	388
367	391
368	386
368	388
369	372
369	384
369	388
370	377
370	380
370	388
370	390
370	397
370	398
371	382
371	383
371	393
372	376
372	377
372	395
372	398
372	399
373	383
373	387
373	392
373	393
373	397
373	399
373	570
374	375
375	382
375	386
376	379
376	382
376	385
377	387
377	396
378	388
378	390
378	552
378	597
379	381
379	383
379	391
379	397
379	399
380	383
380	384
380	386
380	394
380	398
381	393
382	384
382	390
383	392
384	387
384	397
385	386
385	390
385	392
386	394
386	396
388	390
388	399
389	392
390	391
390	393
390	399
391	395
391	396
391	398
392	397
392	399
393	396
393	398
394	395
394	397
395	398
395	399
397	398
398	399
400	404
400	407
400	417
400	424
400	435
400	449
401	405
401	411
401	413
401	426
401	428
401	433
401	445
401	509
402	406
402	420
402	427
402	432
402	438
402	442
402	446
403	408
403	414
403	418
403	435
403	439
404	406
404	407
404	409
404	418
404	439
404	443
404	447
404	517
405	409
405	413
405	416
405	417
405	431
405	433
405	437
405	448
405	502
406	409
406	414
406	424
406	432
406	443
406	444
406	508
407	424
407	427
407	431
407	436
407	445
408	414
408	416
408	421
408	423
408	427
408	435
408	439
408	440
408	447
409	413
409	414
409	417
409	418
409	420
409	423
409	429
409	435
409	441
409	442
409	447
410	413
410	433
410	435
410	438
410	442
410	445
411	412
411	413
411	420
411	421
411	423
411	445
411	449
411	534
412	421
412	422
412	441
412	444
412	445
412	446
412	501
413	417
413	423
413	426
413	435
413	437
414	424
414	425
414	428
414	429
415	429
415	440
415	521
416	422
416	427
416	432
416	448
416	531
417	426
417	437
417	442
417	509
418	425
418	427
418	432
418	433
418	440
418	443
418	524
419	431
419	434
419	439
419	440
419	444
419	446
420	430
420	437
420	438
420	508
421	430
421	431
421	432
421	436
421	440
421	442
421	443
422	433
422	434
422	438
422	439
422	446
422	449
423	429
423	430
423	448
424	425
424	431
424	449
425	429
425	434
425	448
425	506
426	427
426	429
426	431
426	441
426	447
426	449
426	511
426	537
428	449
429	433
429	436
429	438
429	449
429	500
430	436
430	447
431	432
431	436
431	439
431	444
431	447
431	449
433	509
434	435
434	442
435	442
436	441
436	533
437	502
438	441
438	448
438	513
439	501
439	503
439	541
439	549
441	444
441	445
442	524
443	444
443	446
444	509
445	512
447	449
450	455
450	470
450	473
450	487
450	512
451	452
451	455
451	461
451	469
451	475
451	490
451	494
451	496
451	514
451	521
451	532
451	548
452	455
452	458
452	465
452	476
452	496
452	500
452	531
453	454
453	463
453	465
453	467
453	468
453	469
453	474
453	482
453	486
453	487
453	513
453	518
453	524
453	535
453	539
453	546
454	459
454	461
454	464
454	472
454	478
454	482
454	496
454	533
454	549
455	480
455	488
455	510
455	512
455	549
456	457
456	467
456	469
456	480
456	487
456	490
456	522
456	534
457	462
457	471
457	477
457	489
457	535
458	460
458	470
458	472
458	475
458	482
458	524
459	460
459	461
459	462
459	470
459	476
459	482
459	483
459	485
459	489
459	494
459	498
459	513
459	530
459	538
459	541
459	548
460	470
460	474
460	490
460	494
460	515
461	468
461	470
461	478
461	494
461	536
461	538
461	549
462	468
462	474
462	475
462	476
462	478
462	489
462	508
462	525
462	527
462	528
462	529
462	542
463	477
463	484
463	492
463	493
463	506
463	537
464	467
464	472
464	477
464	481
464	482
464	485
464	487
464	497
464	514
465	472
465	481
465	488
465	489
465	492
465	526
465	527
465	532
466	475
466	480
466	482
466	485
466	492
466	494
466	496
466	529
467	480
467	500
467	503
467	505
467	537
467	544
468	470
468	487
468	490
468	522
468	529
468	548
469	470
469	476
469	477
469	481
469	492
469	494
469	499
469	508
469	510
470	474
470	487
470	489
470	497
470	522
470	539
470	541
470	546
471	492
471	514
471	549
472	475
472	485
472	491
472	497
472	543
473	481
473	488
473	495
473	496
473	498
473	504
474	477
474	485
474	488
474	491
474	494
474	495
474	498
474	503
474	513
474	521
474	546
475	493
475	495
475	498
475	512
475	545
476	479
476	483
476	490
476	493
476	494
476	495
476	498
476	504
476	524
476	536
477	480
477	488
477	493
477	497
477	509
477	521
477	528
477	533
477	545
478	485
478	492
478	494
478	498
478	505
478	521
478	540
478	541
479	481
479	487
479	491
479	492
479	498
479	517
479	541
479	546
479	547
479	549
480	487
480	501
480	513
480	542
481	489
481	504
481	516
481	536
482	483
482	487
482	488
482	502
483	491
483	494
483	505
483	529
484	490
484	492
484	511
484	512
484	531
484	535
485	492
485	497
485	499
485	502
485	509
485	529
486	489
486	532
487	488
487	505
487	515
487	537
487	545
488	542
489	549
490	495
490	496
490	548
492	497
492	498
492	509
492	520
493	497
493	504
493	529
493	548
494	524
494	537
494	549
495	499
495	513
495	517
495	549
496	509
496	520
496	522
496	537
496	548
496	549
497	521
497	542
497	546
498	500
498	506
498	549
499	514
499	515
499	522
499	539
499	542
500	512
500	516
500	523
500	537
500	539
501	514
501	538
501	544
501	545
501	547
501	548
502	508
502	522
502	525
502	527
502	532
502	540
502	541
502	544
502	548
503	516
503	520
503	523
503	526
503	536
503	543
504	511
504	546
505	516
505	527
505	532
505	536
505	538
505	542
505	545
505	549
506	510
506	512
506	531
506	533
506	549
507	510
507	520
507	533
507	544
508	511
508	516
508	518
508	521
508	533
509	511
509	516
509	524
509	526
509	532
509	538
509	539
510	513
510	528
510	537
510	539
511	520
511	522
511	531
511	532
511	536
511	537
511	538
511	542
511	543
511	548
512	518
512	524
512	526
512	540
512	549
513	516
513	524
513	529
513	534
513	536
513	547
514	516
514	525
514	529
514	539
514	542
514	543
515	520
515	526
515	532
515	538
515	549
516	525
516	527
516	528
516	532
516	540
516	549
517	520
517	522
517	532
518	520
518	523
518	525
518	531
518	533
518	535
518	536
518	537
518	541
519	521
519	524
519	528
520	521
520	524
520	527
520	535
520	536
520	538
521	524
521	531
521	537
521	544
521	546
522	524
522	532
522	534
522	543
523	546
524	525
524	532
524	543
525	535
525	544
526	538
526	540
526	549
527	530
527	544
528	531
528	540
528	545
528	546
528	547
528	548
529	542
530	534
530	536
530	540
530	541
530	544
531	534
531	543
531	546
532	539
532	542
533	546
534	538
534	540
534	546
535	541
536	546
536	547
536	548
538	540
540	547
540	549
541	547
542	543
542	546
542	549
544	546
546	548
547	549
550	572
550	573
550	574
550	579
550	583
550	589
550	596
551	579
551	585
552	556
552	559
552	562
552	563
552	567
552	577
552	591
553	557
553	558
553	559
553	570
553	571
553	572
553	573
553	580
553	583
553	585
553	596
554	558
554	566
554	576
554	580
554	581
554	584
554	588
554	592
554	598
555	556
555	569
555	579
555	583
555	591
555	592
555	595
555	597
555	598
555	599
556	557
556	595
556	597
557	559
557	579
558	559
558	561
558	562
558	575
558	583
558	589
558	599
559	588
559	598
560	565
560	586
560	590
560	596
560	597
561	570
561	577
561	582
561	587
561	595
561	597
562	578
562	585
562	595
563	565
563	575
563	578
563	583
563	593
563	598
564	577
564	580
564	588
564	598
565	567
565	569
565	572
565	583
565	598
566	573
566	574
566	586
566	588
566	595
567	570
567	571
567	573
567	574
567	575
567	583
567	592
567	596
568	575
568	576
568	594
568	595
569	573
570	578
570	580
570	589
570	595
571	575
571	579
571	581
571	583
571	584
571	598
572	575
572	586
572	588
572	592
572	599
573	578
573	582
573	593
573	594
574	576
574	580
574	581
574	591
575	578
575	579
575	580
575	582
575	585
575	594
576	580
576	584
576	585
576	594
576	599
578	588
578	589
578	591
578	594
578	599
579	585
580	581
580	599
581	589
581	590
581	595
582	595
583	589
584	589
584	594
584	596
585	589
586	599
587	588
587	596
588	589
588	595
589	591
589	592
589	595
589	596
590	593
591	593
591	594
591	596
592	594
593	595
593	597
593	598
