0
1 3 6 9 14
2 12
4
5
7
8
10
11 473
13
15
16
17 21 22 26
18
19
20
23
24
25 31
27
28
29
30
32
33 37 38
34 39
35 36
40
41
42 43
44
45
46
47
48 53
49 60 63
50
51
52 55
54
56 58 61
57
59
62
64 68 70 72
65 74 76
66
67
69 136 141
71
73
75 134
77
78 138
79
80 93
81 88
82
83 94
84
85
86
87
89 92 291
90 91
95
96 108
97 100
98
99 101 104 105
102
103 106
107
109
110
111
112 124 126
113
114 116
115 118
117 119 121
120
122
123
125
127
128 133 135 143
129
130 137 139
131
132
140
142
144
145 158
146
147 148 151 154
149
150 350
152
153
155 349
156
157
159
160
161
162 165
163 167
164 169 171 173
166 168
170
172
174
175
176
177
178
179 180 190
181
182 183
184
185
186
187
188
189 191
192
193
194 195
196
197
198
199
200 202 206
201
203 207
204 205
208 215
209 257 268
210 216
211 270
212 219
213 259 265
214
217 263
218 269
220 221
222
223
224
225 233
226
227 229 231 237 238
228
230
232 236 239
234
235
240 241
242
243
244
245
246
247 255
248
249
250
251
252
253
254
256 271
258 266
260 261 267
262
264
272 276
273
274
275
277 279
278
280
281
282
283
284
285
286
287
288 295 297
289
290 298 299
292 303
293 301
294
296
300 302
304
305 306 318
307 314
308 315
309
310
311
312
313
316
317
319
320
321
322 325 327
323
324
326
328
329
330
331 335
332
333
334
336
337 342 346
338 339
340 347
341
343 344
345
348
351
352 362 364 434
353 360 365
354 437
355 357 361
356
358
359
363
366
367
368 369 378
370
371
372
373
374
375 379 380
376
377
381
382
383
384 394
385 386
387
388 399
389
390
391
392
393
395
396
397
398
400 401 411
402 406 408
403 409
404
405
407
410 412
413
414
415
416 420 427
417
418
419
421 431
422 426
423
424
425
428
429
430
432 446
433
435 438
436
439
440 447
441 445
442 443 444
448 459
449
450 457
451 452 454
453
455 456 460 463
458 461
462
464
465 475
466 467 468 471 474
469
470 477
472 478 520
476
479
480
481 484
482 492
483 490
485 486
487 495
488
489
491
493
494
496 505 507
497
498
499 501 504 511
500 502
503
506
508
509
510
512
513
514 527
515 519
516
517 526
518 523
521
522 524
525
528
529 542
530 533 537 543
531 536
532
534
535 538 541
539
540
544 558
545
546 547 549 550 559
548
551
552
553
554
555
556
557
560 568
561
562
563 574
564
565 567
566
569
570 573
571 575
572
