# k = 10
# N = 1200
# alpha = 2
# beta = 1.0
# Qe = 0.4
#	FromNodeId	ToNodeId
0	20
0	35
0	38
0	53
0	64
0	99
0	104
0	117
0	312
0	592
1	8
1	26
1	33
1	35
1	42
1	55
1	69
1	85
1	97
1	486
1	582
2	13
2	17
2	25
2	32
2	43
2	46
2	68
2	69
2	73
2	94
2	112
2	519
2	523
3	34
3	49
3	59
3	83
3	94
3	490
3	518
3	531
3	536
3	539
3	581
3	1034
4	5
4	24
4	56
4	100
4	107
4	538
4	596
4	883
5	8
5	39
5	41
5	43
5	44
5	70
5	71
5	79
5	97
5	109
5	483
5	585
5	946
6	16
6	17
6	28
6	35
6	43
6	46
6	63
6	77
6	85
6	88
6	113
6	115
6	116
6	592
6	595
6	816
7	16
7	27
7	65
7	77
7	89
7	91
7	97
7	111
7	488
7	528
7	904
8	11
8	35
8	60
8	63
8	65
8	75
8	82
8	102
8	103
8	110
8	393
8	504
8	521
8	563
8	590
9	17
9	58
9	63
9	67
9	84
9	86
9	90
9	103
9	106
9	557
9	567
10	26
10	30
10	46
10	53
10	68
10	75
10	78
10	85
10	90
10	95
10	113
10	480
10	483
10	493
10	503
10	517
10	519
10	550
10	872
10	926
11	63
11	73
11	83
11	103
11	119
11	513
11	545
11	582
11	584
11	596
11	853
11	855
12	18
12	22
12	29
12	33
12	58
12	72
12	102
12	103
12	106
12	111
12	484
12	596
12	775
13	23
13	26
13	47
13	49
13	66
13	69
13	97
13	98
13	101
13	104
13	485
13	489
13	538
13	853
13	920
14	31
14	41
14	65
14	86
14	112
14	487
14	494
14	545
14	569
14	819
14	899
15	25
15	26
15	49
15	72
15	73
15	91
15	102
15	118
15	336
15	490
15	553
15	562
15	576
15	852
16	29
16	31
16	53
16	57
16	58
16	59
16	78
16	96
16	102
16	106
16	500
17	18
17	31
17	34
17	46
17	49
17	56
17	57
17	116
17	279
17	536
17	552
18	29
18	34
18	57
18	59
18	67
18	96
18	496
18	565
19	40
19	47
19	51
19	53
19	71
19	81
19	95
19	108
19	110
19	115
19	481
19	498
19	574
19	575
19	592
20	28
20	40
20	77
20	92
20	98
20	102
20	525
20	582
20	887
20	900
21	25
21	48
21	61
21	78
21	97
21	105
21	290
21	484
21	490
21	524
21	537
21	540
22	25
22	34
22	68
22	80
22	82
22	85
22	87
22	97
22	106
22	489
22	535
22	860
22	947
23	30
23	32
23	37
23	45
23	66
23	87
23	88
23	90
23	92
23	98
23	116
23	493
23	501
23	577
24	44
24	50
24	69
24	73
24	78
24	81
24	96
24	100
24	103
24	114
24	492
24	522
24	530
24	735
25	59
25	80
25	81
25	98
25	507
25	584
25	848
25	923
26	41
26	75
26	106
26	311
26	501
26	563
26	596
27	29
27	42
27	63
27	89
27	93
27	94
27	111
27	546
27	555
27	567
27	594
27	874
27	952
28	30
28	53
28	67
28	70
28	71
28	77
28	81
28	84
28	501
28	587
29	32
29	73
29	82
29	83
29	99
29	106
29	499
29	575
29	599
29	913
29	931
30	65
30	93
30	95
30	115
30	496
30	526
30	590
30	866
30	896
31	37
31	44
31	45
31	58
31	74
31	80
31	263
31	328
31	491
31	547
31	548
31	595
31	860
32	36
32	47
32	52
32	74
32	86
32	102
32	563
32	874
33	61
33	82
33	98
33	101
33	106
33	312
33	325
33	485
33	850
34	47
34	97
34	110
34	113
34	296
34	495
35	46
35	65
35	73
35	78
35	89
35	106
35	112
35	489
35	534
35	537
35	564
35	588
35	799
35	843
35	862
35	910
36	60
36	72
36	347
36	496
36	511
36	574
36	894
36	939
37	44
37	49
37	56
37	60
37	81
37	96
37	106
37	110
37	111
37	115
37	119
37	597
38	49
38	50
38	51
38	59
38	60
38	92
38	105
38	109
38	532
38	859
39	51
39	60
39	92
39	103
39	532
39	850
39	927
40	54
40	69
40	77
40	107
40	117
40	118
40	354
40	492
40	505
40	508
40	510
40	517
40	559
40	565
41	48
41	59
41	82
41	484
41	496
41	585
41	597
41	851
42	44
42	51
42	52
42	78
42	79
42	80
42	83
42	86
42	112
42	549
42	553
42	569
42	575
42	847
42	907
43	68
43	69
43	80
43	110
43	112
43	118
43	273
43	337
43	515
43	541
43	801
43	858
44	54
44	83
44	505
44	524
44	721
44	951
45	50
45	96
45	117
46	53
46	63
46	66
46	71
46	94
46	96
46	573
46	583
47	61
47	74
47	86
47	87
47	89
47	90
47	95
47	105
47	109
47	518
47	541
47	561
48	56
48	58
48	85
48	89
48	94
48	515
48	527
48	539
48	569
48	572
48	581
48	763
49	60
49	74
49	84
49	96
49	118
49	481
49	486
49	496
49	499
49	535
49	571
49	587
49	747
49	857
49	881
49	911
49	931
49	948
50	57
50	59
50	67
50	84
50	95
50	97
50	510
51	71
51	85
51	114
51	115
51	117
51	294
51	488
51	512
52	53
52	64
52	90
52	92
52	95
52	265
52	268
52	495
52	515
52	530
52	543
53	58
53	69
53	93
53	98
53	496
53	519
53	542
53	544
54	55
54	59
54	60
54	79
54	81
54	83
54	119
54	542
54	575
54	580
55	61
55	72
55	84
55	96
55	104
55	106
55	109
55	116
55	497
55	548
55	561
55	572
55	580
55	599
55	793
56	58
56	64
56	69
56	104
56	108
56	503
56	528
56	559
56	952
57	72
57	75
57	91
57	119
57	517
57	589
57	792
58	76
58	82
58	94
58	100
58	118
58	119
58	530
58	554
59	78
59	80
59	103
59	105
59	108
59	522
60	62
60	73
60	87
60	89
60	111
60	510
60	893
61	70
61	72
61	97
61	119
61	332
61	553
61	569
61	593
61	599
61	909
62	72
62	89
62	93
62	99
62	110
62	499
62	510
62	582
63	88
63	99
63	107
63	116
63	506
63	596
63	872
64	73
64	95
64	118
64	480
64	481
64	505
64	551
64	576
64	589
64	876
65	83
65	90
65	116
65	543
66	67
66	82
66	85
66	524
66	548
66	568
66	573
66	581
66	594
67	89
67	98
67	110
67	114
67	282
67	302
67	499
67	580
68	106
68	107
68	394
69	93
69	105
69	108
69	110
69	111
69	116
69	493
69	536
69	595
70	76
70	88
70	110
70	510
70	559
70	592
71	77
71	87
71	102
71	103
71	118
71	295
71	549
71	582
72	93
72	118
72	400
72	483
72	500
72	563
72	567
73	82
73	105
73	111
73	463
73	533
74	79
74	84
74	486
74	516
74	524
74	566
74	568
74	570
74	928
75	82
75	83
75	85
75	90
75	283
75	486
75	501
75	516
75	552
75	556
75	578
75	583
75	903
76	88
76	101
76	113
76	118
76	305
76	357
76	482
76	512
76	583
76	591
76	592
76	593
76	778
77	86
77	92
77	508
77	592
77	877
78	93
78	99
78	100
78	303
78	488
78	497
78	508
78	509
78	545
78	560
78	572
78	952
78	1008
79	114
79	116
79	271
79	483
79	492
79	510
79	514
79	527
79	529
79	532
79	551
79	564
79	574
79	954
80	84
80	89
80	111
80	116
80	573
81	91
81	555
81	578
81	840
82	83
82	111
82	115
82	117
82	118
82	508
82	525
82	538
82	577
82	909
82	945
83	87
83	93
83	94
83	99
83	446
83	558
83	563
84	85
84	94
84	98
84	497
84	529
84	885
84	907
85	112
85	508
85	513
85	517
85	575
85	728
86	99
86	110
86	537
86	555
86	571
86	576
86	599
86	784
86	951
87	105
87	107
87	303
87	487
87	554
87	579
87	943
88	92
88	96
88	115
88	566
88	567
88	586
88	591
89	95
89	525
89	540
89	555
89	582
89	595
90	111
90	259
90	353
90	500
90	574
90	848
91	94
91	96
91	99
91	100
91	107
91	320
91	745
92	265
92	448
92	501
92	542
92	574
92	583
92	595
92	874
93	96
93	99
93	108
93	111
93	117
93	598
93	723
94	117
94	119
94	482
94	483
94	528
94	561
94	596
95	566
95	579
95	912
95	929
95	942
96	100
96	104
96	568
96	575
96	580
96	900
97	110
97	463
97	484
97	919
98	112
98	119
98	496
98	511
98	524
98	534
98	543
98	563
99	102
99	835
100	103
100	105
100	516
100	530
100	552
100	560
100	562
100	862
100	884
101	108
101	112
101	534
101	551
101	564
101	574
102	118
102	480
102	501
102	530
102	548
103	104
103	112
103	114
103	116
103	489
103	524
103	560
103	576
104	461
104	506
104	535
104	548
104	573
104	596
104	862
105	572
105	588
105	894
106	115
106	496
106	536
106	552
106	584
106	864
107	331
107	505
107	506
108	113
108	518
108	584
108	590
108	861
109	498
109	516
109	529
109	592
109	935
110	112
110	116
110	117
110	516
110	562
110	578
110	579
110	598
110	868
110	896
111	486
111	495
111	524
111	589
111	748
111	837
111	875
111	896
111	904
112	118
112	488
112	494
112	541
112	587
112	592
112	594
113	119
113	517
113	522
113	533
113	543
113	553
113	947
114	311
114	491
114	552
114	553
114	564
114	595
114	957
115	485
115	494
116	117
116	442
116	511
116	547
116	560
116	590
116	766
116	944
117	118
117	286
117	483
117	514
117	531
118	119
118	283
118	482
118	487
118	516
118	518
118	526
118	787
118	927
119	502
119	525
119	539
119	577
119	870
120	142
120	161
120	162
120	165
120	167
120	172
120	178
120	190
120	193
120	231
120	234
120	235
120	249
120	277
120	332
120	356
120	414
121	129
121	137
121	149
121	152
121	173
121	179
121	272
121	304
121	332
121	488
121	1104
121	1109
122	127
122	133
122	158
122	165
122	169
122	174
122	188
122	197
122	222
122	232
122	235
122	250
122	284
122	726
122	1131
122	1194
123	125
123	176
123	184
123	187
123	188
123	191
123	194
123	226
123	236
123	242
123	285
123	359
123	396
124	141
124	142
124	151
124	157
124	163
124	171
124	195
124	199
124	219
124	221
124	276
124	359
124	1043
125	139
125	145
125	159
125	167
125	185
125	188
125	209
125	235
125	287
125	290
125	309
125	320
125	1005
126	132
126	156
126	161
126	182
126	183
126	184
126	187
126	189
126	200
126	206
126	219
126	223
126	283
126	347
126	348
126	358
126	450
127	158
127	160
127	161
127	184
127	186
127	187
127	200
127	212
127	221
127	222
127	230
127	243
127	281
127	288
127	417
128	151
128	171
128	177
128	179
128	194
128	211
128	221
128	233
128	239
128	250
128	255
128	319
128	962
129	131
129	147
129	152
129	158
129	196
129	304
129	332
129	443
130	138
130	140
130	179
130	194
130	213
130	232
130	234
130	305
130	316
130	336
130	341
130	452
130	1082
131	137
131	150
131	162
131	173
131	181
131	205
131	214
131	255
131	257
132	133
132	168
132	190
132	199
132	234
132	243
132	246
132	253
132	290
132	313
132	346
132	485
132	1175
133	157
133	166
133	167
133	177
133	199
133	210
133	358
133	1179
134	151
134	169
134	171
134	176
134	180
134	207
134	217
134	218
134	244
134	251
134	264
134	334
134	598
135	143
135	177
135	197
135	205
135	206
135	212
135	215
135	227
135	283
135	289
135	319
135	322
135	351
135	400
136	137
136	140
136	175
136	181
136	185
136	200
136	203
136	207
136	229
136	243
136	257
136	284
136	318
136	325
136	347
136	358
136	1102
137	143
137	148
137	153
137	163
137	169
137	184
137	195
137	206
137	234
137	295
137	338
137	390
137	556
138	163
138	198
138	207
138	214
138	228
138	234
138	354
138	417
138	1109
139	151
139	164
139	171
139	173
139	184
139	208
139	235
139	276
139	294
139	343
139	368
139	411
139	995
140	145
140	154
140	156
140	161
140	175
140	185
140	310
140	348
141	142
141	153
141	204
141	220
141	221
141	229
141	239
141	245
141	254
141	312
141	340
142	159
142	166
142	173
142	190
142	210
142	216
142	221
142	228
142	235
142	264
142	327
142	340
142	381
143	153
143	154
143	164
143	181
143	197
143	237
143	245
143	266
143	285
143	295
143	320
143	323
144	150
144	162
144	171
144	173
144	174
144	194
144	202
144	207
144	215
144	265
144	304
144	352
144	355
144	409
145	154
145	183
145	199
145	209
145	232
145	236
145	294
145	352
145	393
145	412
145	428
145	1198
146	190
146	196
146	201
146	224
146	230
146	249
146	256
146	257
146	321
146	445
147	168
147	271
147	446
148	152
148	157
148	177
148	181
148	182
148	189
148	200
148	202
148	219
148	225
148	226
148	333
149	164
149	183
149	206
149	219
149	237
149	279
149	329
149	339
149	568
149	1118
150	172
150	179
150	195
150	208
150	214
150	217
150	220
150	227
150	261
150	307
150	325
151	159
151	160
151	163
151	165
151	196
151	207
151	211
151	217
151	300
151	333
151	337
152	163
152	164
152	169
152	172
152	175
152	192
152	195
152	196
152	206
152	217
152	218
152	225
152	343
152	486
152	1163
153	162
153	165
153	168
153	186
153	193
153	199
153	218
153	235
153	238
153	246
153	348
153	413
154	161
154	170
154	171
154	185
154	186
154	190
154	191
154	196
154	206
154	211
154	218
154	223
154	293
154	384
154	391
155	156
155	161
155	169
155	208
155	218
155	235
155	283
155	326
155	350
155	380
155	512
155	1135
156	162
156	166
156	195
156	281
156	297
156	304
156	336
156	352
156	354
156	365
156	728
157	158
157	175
157	184
157	185
157	213
157	217
157	219
157	238
157	239
157	260
157	302
157	329
157	558
157	975
158	199
158	205
158	215
158	342
158	356
158	454
158	1187
159	200
159	219
159	221
159	230
159	237
159	250
159	294
159	343
160	256
160	322
160	532
161	172
161	175
161	188
161	189
161	227
161	230
161	306
161	350
161	1154
162	214
162	217
162	218
162	220
162	239
162	270
162	298
162	340
162	456
162	1167
163	173
163	191
163	211
163	212
163	219
163	230
163	247
163	342
164	167
164	188
164	204
164	208
164	230
164	276
164	1184
165	178
165	193
165	195
165	201
165	205
165	206
165	224
165	226
165	276
165	297
165	307
165	320
165	329
165	785
166	167
166	182
166	186
166	200
166	205
166	210
166	218
166	220
166	238
166	256
166	313
166	320
166	466
166	1169
167	180
167	182
167	184
167	189
167	191
167	209
167	217
167	222
167	225
167	235
167	236
167	302
167	312
167	332
167	350
167	353
167	461
167	1107
168	172
168	181
168	200
168	203
168	209
168	211
168	216
168	230
168	234
168	247
168	347
168	1189
169	186
169	188
169	202
169	222
169	228
169	230
169	321
169	333
169	997
170	188
170	196
170	224
170	225
170	255
170	283
170	328
170	409
170	417
171	173
171	208
171	212
171	226
171	232
171	234
171	259
171	289
172	181
172	191
172	206
172	217
172	225
172	234
172	236
172	244
172	281
172	304
172	400
172	410
173	174
173	204
173	226
173	264
173	286
173	315
173	329
174	178
174	217
174	220
174	224
174	229
174	256
174	262
174	295
174	1039
174	1140
174	1150
175	188
175	192
175	195
175	214
175	258
175	347
175	1178
176	181
176	210
176	239
176	240
176	340
176	449
176	961
176	1145
177	178
177	179
177	182
177	209
177	240
177	295
177	323
178	230
178	237
179	199
179	229
179	230
179	268
179	275
179	298
179	392
179	1117
180	183
180	188
180	195
180	217
180	247
180	348
180	356
180	363
181	212
181	216
181	227
181	232
181	243
181	290
181	308
181	316
181	370
181	391
181	527
182	191
182	212
182	270
182	275
182	280
182	327
182	329
182	355
183	186
183	187
183	211
183	233
183	294
183	415
183	512
183	1106
183	1192
184	185
184	186
184	216
184	221
184	265
184	283
184	309
184	334
184	393
185	211
185	228
185	243
185	256
185	318
185	363
185	1000
186	214
186	245
186	305
186	353
186	442
187	196
187	213
187	217
187	292
187	344
188	196
188	212
188	219
188	225
188	233
188	235
188	281
188	386
188	478
188	1131
188	1182
188	1190
189	208
189	211
189	216
189	221
189	253
189	273
189	279
189	290
189	326
189	453
189	488
190	197
190	204
190	214
190	218
190	258
190	297
190	449
191	230
191	347
191	1071
192	193
192	216
192	219
192	220
192	221
192	224
192	228
192	230
192	232
192	239
192	306
192	314
192	561
193	196
193	201
193	215
193	227
193	286
193	314
193	362
193	1006
194	195
194	203
194	211
194	212
194	278
194	280
194	281
194	282
194	430
194	455
194	532
194	1111
195	215
195	234
195	238
195	308
195	354
195	359
195	1124
196	228
196	356
196	408
196	454
196	480
196	578
196	1183
197	206
197	220
197	221
197	225
197	253
197	257
197	303
197	332
197	347
198	201
198	217
198	223
198	247
198	267
198	279
198	281
198	291
198	428
198	1118
199	213
199	299
199	312
199	363
199	376
199	1111
200	218
200	220
200	236
200	327
200	423
201	215
201	224
201	278
201	302
202	206
202	225
202	246
202	324
202	337
202	338
202	350
203	209
203	211
203	213
203	215
203	217
203	414
203	522
204	241
204	252
204	284
204	297
204	312
204	334
204	335
204	348
204	401
204	420
204	475
204	1142
205	213
205	236
205	240
205	258
205	281
205	302
205	312
206	231
206	270
206	277
206	292
206	325
206	341
207	213
207	230
207	285
207	309
207	311
208	212
208	217
208	235
208	286
208	288
208	296
208	349
209	219
209	220
209	225
209	229
209	237
209	241
209	270
209	350
209	405
209	435
209	1125
209	1135
210	262
210	306
210	357
210	403
210	447
211	220
211	232
211	236
211	255
211	258
212	218
212	219
212	223
212	224
212	229
212	231
212	276
212	291
212	297
212	320
212	341
212	430
212	568
213	229
213	231
213	237
213	239
213	271
213	279
213	312
213	319
213	353
213	438
214	220
214	221
214	227
214	230
214	269
214	294
214	299
215	217
215	230
215	287
215	1130
215	1160
216	233
216	244
216	305
216	327
216	1179
217	235
217	259
217	276
217	290
217	328
217	338
217	467
217	518
218	219
218	256
218	268
218	332
218	347
219	236
219	243
219	263
219	301
219	313
219	351
219	411
219	1100
220	223
220	224
220	278
220	1134
221	222
221	239
221	266
221	278
221	302
221	322
221	541
222	246
222	248
222	256
222	585
223	229
223	255
223	256
223	278
223	283
223	286
223	311
223	353
223	519
224	304
224	341
224	344
225	227
225	233
225	236
225	259
225	287
225	331
225	530
226	287
226	331
226	333
226	360
226	413
226	463
227	305
227	337
227	359
227	586
228	229
228	237
228	267
228	307
228	348
228	799
229	269
229	307
229	322
229	351
230	334
231	303
231	305
231	348
232	262
232	266
232	330
232	331
232	439
232	463
232	1081
233	268
233	298
233	299
233	351
233	354
233	358
233	1081
234	237
234	259
234	293
234	311
234	314
234	318
234	454
234	559
235	236
235	246
235	276
235	401
235	785
235	1126
236	344
236	442
236	460
237	241
237	300
237	354
237	387
238	274
238	296
238	306
238	414
238	461
239	279
239	298
239	305
239	317
239	341
239	349
239	459
239	554
239	1116
240	272
240	315
240	316
240	351
240	356
240	519
241	298
241	309
241	310
241	313
241	337
242	244
242	251
242	255
242	264
242	266
242	272
242	287
242	305
242	309
242	323
242	331
242	335
242	350
242	587
242	1122
242	1198
243	245
243	265
243	274
243	287
243	296
243	352
243	354
244	255
244	290
244	299
244	311
244	339
244	495
244	737
245	277
245	279
245	288
245	296
245	303
245	319
245	357
245	497
245	989
246	258
246	265
246	272
246	286
246	291
246	297
246	303
246	314
246	329
246	359
246	1028
246	1142
247	250
247	259
247	268
247	281
247	311
247	324
247	329
247	346
247	348
247	349
247	352
247	1192
248	256
248	281
248	286
248	288
248	305
248	319
248	1045
248	1147
249	262
249	271
249	278
249	309
249	313
249	321
249	332
249	347
249	352
249	359
249	563
249	595
250	262
250	285
250	330
250	335
250	345
250	1088
250	1126
251	252
251	283
251	289
251	317
251	337
251	342
251	349
251	785
252	259
252	268
252	304
252	311
252	315
252	339
252	340
252	341
252	342
252	344
252	351
252	353
253	285
253	293
253	299
253	302
253	305
253	323
253	332
253	595
253	776
253	1062
254	260
254	261
254	269
254	292
254	294
254	312
254	326
254	336
254	342
254	351
254	356
255	261
255	289
255	290
255	305
255	313
255	318
255	1004
256	279
256	299
256	308
256	328
256	330
256	342
256	344
257	273
257	282
257	313
257	328
257	330
257	345
257	349
257	814
258	261
258	267
258	293
258	314
258	316
258	334
258	1120
259	271
259	275
259	287
259	291
259	294
259	325
259	354
259	355
259	1186
260	262
260	311
260	327
260	348
260	353
261	271
261	275
261	283
261	289
261	293
261	356
261	358
262	270
262	294
262	298
262	315
262	317
262	332
262	335
262	339
262	351
262	512
263	266
263	292
263	322
263	325
263	326
263	329
263	340
263	349
264	291
264	302
264	354
265	275
265	278
265	283
265	287
265	302
265	336
266	308
266	322
266	329
266	348
266	349
266	351
266	510
266	512
267	276
267	279
267	282
267	294
267	297
267	299
267	301
267	331
267	350
267	359
267	1130
268	269
268	288
268	292
268	299
268	302
268	303
268	304
268	319
268	321
268	343
268	358
268	1159
269	293
269	297
269	318
269	332
269	336
269	345
269	358
270	278
270	310
270	315
270	344
270	346
270	1161
271	283
271	317
271	517
272	274
272	279
272	282
272	294
272	297
272	307
272	329
272	339
272	347
272	771
273	299
273	300
273	318
273	322
273	337
273	338
273	568
274	278
274	282
274	292
274	296
274	297
274	302
274	303
274	346
274	563
275	288
275	291
275	293
275	308
275	309
275	317
275	335
275	346
276	283
276	309
276	326
276	358
276	1073
277	279
277	283
277	294
277	296
277	329
277	336
277	348
278	280
278	284
278	297
278	309
278	327
278	329
278	351
278	511
279	280
279	288
279	293
279	296
279	316
279	319
279	323
279	329
279	339
279	345
279	350
279	1086
280	302
280	305
280	313
280	325
280	330
280	338
280	349
280	588
280	1149
281	282
281	309
281	320
281	326
281	341
281	352
282	300
282	307
282	321
282	351
283	284
283	302
283	320
283	352
284	290
284	291
284	300
284	310
284	323
284	331
284	340
284	344
284	569
284	1199
285	297
285	314
285	315
285	316
285	322
285	976
286	287
286	291
286	293
286	307
286	320
286	329
286	331
286	334
286	526
286	598
287	296
287	302
287	327
287	332
287	333
287	339
287	349
287	504
287	548
288	292
288	325
288	343
289	291
289	307
289	312
289	318
289	322
289	346
289	835
290	294
290	297
290	309
290	320
290	324
290	336
290	359
291	313
291	322
291	344
291	348
292	303
292	304
292	327
292	331
292	338
292	342
292	1120
292	1125
293	296
293	298
293	306
293	316
293	334
293	756
293	1131
294	301
294	318
294	324
294	328
294	334
294	344
294	354
295	304
295	329
295	343
295	553
295	1058
295	1107
296	312
296	331
296	336
296	999
297	302
297	304
297	322
297	323
297	342
297	343
297	357
298	311
298	312
298	327
298	341
298	345
299	304
299	315
299	337
300	316
300	325
300	335
300	344
300	349
300	353
301	304
301	321
301	335
301	347
301	357
301	515
301	1149
301	1153
302	304
302	336
303	327
303	345
304	308
304	318
304	319
304	338
304	356
304	732
304	1086
305	316
305	349
305	359
306	316
306	317
306	320
306	324
307	316
307	321
307	332
307	357
307	809
308	311
308	312
309	332
309	343
309	492
310	347
310	352
310	353
310	790
310	1054
311	314
311	320
311	324
311	346
311	525
311	1051
312	315
312	320
312	529
312	574
313	317
313	319
313	338
313	345
313	1153
314	319
314	330
314	331
314	349
314	587
315	323
315	332
315	337
315	347
316	343
316	356
316	357
316	358
317	335
317	338
317	340
317	344
317	350
317	355
317	831
317	1187
318	325
318	348
318	351
318	353
318	977
318	1114
319	323
319	335
319	342
319	345
319	347
319	598
320	337
320	346
320	967
321	324
321	332
321	333
321	351
322	331
322	341
322	353
322	354
322	355
322	561
322	762
322	1135
323	326
323	342
323	359
323	1080
324	342
324	528
324	1165
325	355
325	356
325	728
326	544
326	1169
327	330
327	331
327	342
327	347
327	350
327	351
327	353
327	356
327	493
327	575
328	329
328	342
328	351
328	556
328	1014
328	1145
329	338
329	344
329	351
329	352
329	831
329	1049
330	338
331	338
331	358
331	554
331	595
332	337
332	354
332	356
332	359
333	334
333	359
334	349
334	358
334	487
334	521
334	793
334	1004
335	338
335	345
335	355
335	357
335	770
336	500
337	347
337	350
337	982
337	1013
337	1101
339	1091
340	350
340	509
341	353
341	575
342	344
342	345
342	1170
343	344
343	351
344	358
344	507
345	572
345	1153
346	354
346	508
346	1107
347	507
347	1186
347	1198
348	357
348	586
348	1109
349	359
349	518
349	1057
349	1148
350	351
350	352
350	357
350	1092
350	1096
351	1123
352	353
352	775
356	1142
357	1005
357	1167
358	483
359	490
359	496
359	1181
360	362
360	363
360	365
360	378
360	390
360	391
360	396
360	403
360	417
360	419
360	443
360	446
360	473
360	477
360	599
360	855
360	916
360	945
360	946
361	382
361	408
361	413
361	435
361	437
361	441
361	454
361	931
361	954
362	422
362	428
362	437
362	448
362	450
362	460
362	467
362	475
362	847
362	852
362	868
362	898
362	899
362	918
362	954
362	956
363	377
363	383
363	397
363	421
363	433
363	441
363	450
363	457
363	852
363	886
363	889
363	986
364	395
364	426
364	435
364	439
364	452
364	475
364	855
364	912
364	919
364	1043
365	372
365	386
365	449
365	455
365	459
365	478
365	849
365	855
365	908
365	956
366	372
366	388
366	399
366	414
366	423
366	450
366	458
366	459
366	473
366	479
366	851
366	934
366	954
367	368
367	375
367	377
367	379
367	389
367	400
367	413
367	424
367	428
367	440
367	454
367	458
367	469
367	470
367	476
367	842
367	930
367	935
367	936
368	369
368	370
368	375
368	393
368	422
368	428
368	446
368	450
368	458
368	461
368	463
368	471
368	874
368	927
368	936
368	953
368	957
369	371
369	386
369	398
369	406
369	424
369	439
369	449
369	458
369	467
369	890
369	899
369	900
369	930
370	387
370	404
370	407
370	414
370	441
370	446
370	464
370	690
370	841
370	843
370	849
370	905
370	913
371	376
371	389
371	420
371	440
371	444
371	854
371	878
371	937
372	378
372	380
372	466
372	470
372	473
373	380
373	401
373	407
373	424
373	857
373	900
373	911
374	393
374	395
374	400
374	411
374	429
374	470
374	474
374	851
374	862
374	903
374	946
375	385
375	394
375	406
375	431
375	441
375	447
375	467
375	469
375	474
375	863
375	936
375	947
376	383
376	392
376	393
376	394
376	425
376	440
376	446
376	463
376	464
376	476
376	646
376	892
376	905
376	923
376	927
376	931
376	971
377	387
377	394
377	418
377	424
377	426
377	453
377	461
377	474
377	477
377	923
377	927
378	386
378	387
378	402
378	428
378	443
378	478
378	888
378	895
378	915
378	923
378	932
378	934
378	935
378	954
378	986
379	400
379	416
379	442
379	456
379	472
379	869
379	888
379	920
380	396
380	397
380	423
380	424
380	432
380	438
380	442
380	447
380	464
380	477
380	478
380	858
380	905
380	909
380	926
380	957
381	386
381	387
381	396
381	401
381	406
381	413
381	431
381	434
381	440
381	442
381	447
381	451
381	471
381	912
381	920
381	1000
382	386
382	413
382	444
382	454
382	459
382	465
382	474
382	478
382	915
382	953
382	1053
383	389
383	421
383	428
383	431
383	436
383	455
383	470
383	860
383	872
383	895
383	914
383	928
383	943
384	386
384	399
384	418
384	427
384	428
384	429
384	456
384	860
384	869
384	872
384	900
384	926
385	403
385	426
385	434
385	446
385	465
385	467
385	866
385	882
385	1046
386	388
386	395
386	415
386	430
386	433
386	438
386	440
386	469
386	476
386	962
387	389
387	390
387	398
387	407
387	411
387	418
387	423
387	448
387	458
387	464
387	465
387	866
387	926
388	409
388	420
388	421
388	423
388	448
388	455
388	844
388	880
388	883
388	913
388	915
389	451
389	474
389	639
389	846
389	878
389	881
389	925
389	927
390	392
390	401
390	404
390	424
390	440
390	447
390	471
390	851
390	991
391	394
391	399
391	406
391	407
391	411
391	426
391	428
391	440
391	457
391	475
391	476
391	871
391	884
391	906
391	913
392	394
392	401
392	402
392	405
392	406
392	409
392	424
392	457
392	458
392	471
392	863
392	883
392	950
392	956
392	959
393	405
393	422
393	432
393	473
393	474
393	845
393	857
393	863
393	874
393	877
393	885
393	894
393	920
393	942
393	949
394	411
394	430
394	442
394	453
394	454
394	471
394	472
394	474
394	844
394	880
394	925
395	413
395	421
395	424
395	460
395	464
395	470
395	846
395	851
395	872
395	886
395	891
395	928
395	944
395	1013
396	409
396	416
396	430
396	452
396	455
396	473
396	474
396	854
396	877
396	890
396	907
396	908
396	912
396	925
396	926
396	978
397	422
397	424
397	434
397	440
397	467
397	886
397	918
397	934
398	403
398	437
398	440
398	443
398	453
398	474
398	848
398	850
398	929
398	942
399	401
399	404
399	413
399	422
399	470
400	408
400	409
400	414
400	465
400	854
400	861
400	903
400	907
400	941
400	943
400	946
400	1055
401	406
401	434
401	468
401	843
401	895
401	899
401	920
402	424
402	440
402	456
402	469
402	862
402	868
402	912
402	916
402	949
403	416
403	439
403	463
403	783
403	872
403	901
403	920
404	410
404	416
404	423
404	442
404	447
404	460
404	463
404	465
404	476
404	477
404	879
404	947
404	959
405	420
405	442
405	446
405	469
405	473
405	871
405	909
405	924
405	942
405	951
405	953
406	415
406	422
406	437
406	448
406	452
406	471
406	474
406	887
407	436
407	444
407	448
407	456
407	458
407	463
407	467
407	898
407	904
407	909
407	912
407	939
407	950
407	954
407	1001
408	414
408	419
408	428
408	451
408	465
408	468
408	856
408	882
408	901
408	920
408	929
408	950
408	951
409	411
409	418
409	450
409	454
409	455
409	459
409	460
409	474
409	478
409	879
409	910
409	928
410	433
410	436
410	438
410	445
410	467
410	468
410	873
410	883
411	412
411	424
411	428
411	450
411	456
411	467
411	902
411	934
412	415
412	444
412	447
412	464
412	848
412	853
412	878
412	949
413	423
413	427
413	431
413	456
413	463
413	470
413	472
413	478
413	893
413	920
413	947
414	415
414	418
414	424
414	862
414	865
415	416
415	457
415	464
415	466
415	469
415	855
415	886
415	905
415	928
415	945
415	949
415	959
416	440
416	475
416	927
417	428
417	433
417	434
417	450
417	457
417	469
417	475
417	892
417	978
418	431
418	451
418	467
418	474
418	476
418	477
418	861
418	930
418	952
418	954
419	426
419	843
419	849
419	915
419	947
420	424
420	459
420	870
421	450
421	461
421	853
421	906
421	923
421	931
422	427
422	432
422	435
422	442
422	444
422	460
422	471
422	865
422	883
422	890
422	911
422	916
422	953
423	460
423	471
423	920
423	925
423	948
423	953
424	444
424	476
424	896
424	902
425	427
425	449
425	460
425	845
425	848
426	448
426	453
426	463
426	845
426	931
426	935
427	845
427	928
428	430
428	433
428	851
428	885
428	919
429	435
429	442
429	1003
430	448
430	455
430	477
430	888
430	906
431	446
431	451
431	455
431	458
431	467
431	478
431	905
431	1066
432	464
432	470
432	938
433	434
433	460
433	464
433	859
433	901
433	921
433	925
434	437
434	459
434	463
434	946
435	451
435	474
435	477
435	859
435	936
435	964
436	437
436	441
436	452
436	852
436	853
436	868
436	874
436	885
436	917
437	450
437	454
437	459
437	877
437	950
438	443
438	449
438	883
438	894
438	905
438	910
438	911
438	1078
439	445
439	447
439	448
439	452
439	456
439	873
439	882
439	1062
440	443
440	463
440	479
440	993
441	451
441	862
441	891
441	909
441	933
442	452
442	459
442	630
442	862
442	882
442	1041
443	447
443	475
443	476
443	477
443	858
443	915
443	958
443	1001
444	445
444	448
444	479
444	888
444	915
444	922
445	460
445	465
445	868
445	945
446	448
446	463
446	470
446	921
446	951
447	451
447	461
447	855
447	871
447	909
447	925
447	937
447	950
447	959
447	1050
448	463
448	473
448	478
448	859
448	861
448	869
448	909
449	453
449	456
449	476
449	912
449	944
451	846
451	911
451	1045
452	467
452	846
452	872
452	878
452	888
452	919
453	455
453	459
453	463
453	466
453	600
453	892
453	907
454	465
454	466
454	863
454	878
454	884
454	886
454	901
454	933
455	474
455	475
455	859
455	868
455	869
455	882
455	885
456	462
456	466
456	469
456	603
457	461
457	471
457	475
457	479
457	913
457	937
457	1039
458	466
458	857
458	865
458	924
458	928
458	956
459	467
459	858
459	912
459	926
459	952
460	464
460	465
460	677
460	881
460	893
460	945
461	466
461	843
461	847
461	888
461	904
461	907
461	916
462	472
462	473
462	477
462	716
462	875
462	913
462	918
462	922
462	993
463	468
463	474
463	642
463	908
463	951
463	953
464	840
464	844
464	880
464	910
464	952
465	472
465	474
465	844
465	932
465	1011
466	879
466	906
466	943
466	944
467	898
467	906
467	939
467	1037
468	469
468	848
468	875
468	934
469	471
469	473
469	909
469	912
469	927
469	929
470	477
470	479
470	895
471	473
471	890
471	906
471	921
472	476
472	477
472	889
472	901
472	909
472	942
473	477
473	850
473	871
473	889
473	945
474	856
474	869
474	939
474	940
474	995
475	477
475	845
475	862
475	918
475	939
476	862
476	879
476	988
477	873
478	875
478	882
478	897
478	932
478	1005
479	851
479	894
479	953
480	482
480	489
480	496
480	504
480	519
480	539
480	549
480	564
480	592
480	595
481	482
481	490
481	515
481	549
481	550
481	557
481	565
481	573
481	598
481	970
482	488
482	525
482	535
482	543
482	565
482	578
482	977
483	486
483	493
483	497
483	510
483	525
483	526
483	530
483	539
483	540
483	541
483	548
483	562
483	578
483	1102
484	508
484	526
484	551
484	566
484	571
484	572
484	584
484	591
484	595
484	775
484	797
485	493
485	496
485	497
485	501
485	540
485	544
485	555
485	562
485	584
486	516
486	528
486	552
486	557
486	582
486	586
486	594
487	497
487	530
487	546
487	555
487	558
487	571
487	585
487	588
487	753
488	523
488	566
488	567
488	576
488	582
488	1060
489	502
489	504
489	555
489	559
490	510
490	522
490	532
490	538
490	539
490	551
490	560
490	570
490	571
490	581
490	587
491	502
491	518
491	521
491	523
491	524
491	526
491	537
491	546
491	565
491	569
491	576
491	577
491	579
491	588
491	592
491	598
492	496
492	507
492	510
492	528
492	547
492	556
492	557
492	561
492	566
492	573
492	576
492	580
492	583
492	585
492	591
492	595
493	498
493	499
493	506
493	515
493	528
493	558
494	504
494	521
494	535
494	560
494	588
494	734
494	735
495	523
495	535
495	540
495	547
495	550
495	574
495	585
495	596
495	724
496	499
496	500
496	545
496	556
496	561
496	578
496	586
496	597
497	526
497	539
497	553
497	564
497	567
497	573
497	594
498	508
498	528
498	551
498	558
498	571
498	578
498	583
498	1071
499	504
499	509
499	522
499	524
499	533
499	535
499	539
499	557
499	573
499	588
499	591
499	596
499	1074
500	522
500	549
500	561
500	562
500	574
500	577
500	587
500	593
500	1018
501	518
501	523
501	565
501	574
501	587
502	503
502	522
502	540
502	545
502	568
503	507
503	518
503	532
503	555
503	557
503	566
503	574
503	597
503	805
504	545
504	548
504	551
504	556
504	568
504	574
504	575
504	749
505	506
505	520
505	540
505	545
505	552
505	567
505	568
505	571
505	597
506	522
506	537
506	541
506	546
506	549
506	555
506	565
506	567
506	568
506	570
506	573
506	577
507	549
507	560
507	563
507	575
507	581
507	585
507	590
507	593
508	517
508	526
508	540
508	571
508	574
508	594
508	774
509	564
509	583
510	521
510	539
510	558
510	563
510	583
510	584
510	585
511	539
511	543
511	559
511	565
511	575
511	580
511	596
511	744
512	514
512	572
512	589
513	541
513	566
513	573
513	588
513	817
514	533
514	536
514	546
514	565
514	581
515	524
515	555
515	557
515	558
515	561
515	569
516	534
516	565
516	567
516	572
516	573
516	596
516	747
516	811
517	518
517	529
517	545
517	549
517	589
518	519
518	531
518	554
518	582
518	595
519	566
519	569
519	576
520	536
520	561
520	571
520	578
520	814
521	534
521	535
521	546
521	557
521	578
522	538
522	541
522	557
522	558
522	593
522	810
523	536
523	538
523	564
523	575
523	597
523	968
524	529
524	535
524	540
524	554
524	580
524	597
524	743
524	765
525	579
525	592
525	594
525	595
525	770
525	1035
525	1119
526	541
526	544
526	546
526	550
526	568
526	572
526	578
526	593
526	734
527	533
527	551
527	568
527	591
527	596
528	538
528	539
528	556
528	566
528	569
528	581
528	590
529	544
529	549
529	566
529	580
529	585
529	593
529	755
530	537
530	548
530	567
530	582
530	591
530	1007
531	577
531	579
531	594
532	545
532	562
532	566
532	575
532	580
532	597
532	765
533	536
533	576
533	585
533	587
533	725
533	1016
534	536
534	539
534	555
534	599
535	598
536	546
536	549
536	550
536	564
536	570
536	582
536	588
537	543
537	547
537	566
537	584
537	587
538	541
538	549
538	575
538	584
538	585
538	591
538	598
538	1055
539	549
539	553
539	575
540	543
540	544
540	548
540	566
540	576
540	582
540	589
541	580
541	593
542	581
542	583
542	599
542	808
543	551
543	558
543	570
543	577
544	567
544	569
544	597
544	783
544	801
545	551
545	555
545	557
545	558
545	581
545	584
546	568
546	585
546	588
546	821
547	553
547	591
547	596
547	811
547	1133
548	549
548	563
548	567
548	571
548	577
548	579
548	593
548	595
548	797
548	982
549	569
549	750
549	1022
550	579
550	595
550	721
550	823
551	558
551	560
551	571
551	589
551	595
551	597
551	752
552	556
552	558
552	580
552	594
553	578
553	585
553	595
553	598
553	836
553	971
554	574
554	582
554	725
554	760
555	591
555	598
556	565
556	566
556	573
556	584
556	585
556	590
557	568
557	570
557	580
557	590
557	592
558	561
558	566
558	568
558	573
559	560
559	565
559	575
559	576
559	580
559	599
560	561
560	570
560	572
560	581
560	1073
561	570
561	577
561	580
561	581
562	564
562	576
562	586
562	595
562	808
562	812
562	822
563	569
563	580
563	589
563	753
563	789
563	832
564	566
564	569
564	586
564	835
565	568
565	575
565	586
566	576
566	580
566	583
566	590
566	592
566	598
566	734
567	570
567	584
567	585
567	589
567	590
568	572
568	590
569	573
569	594
570	593
570	599
571	575
571	581
572	575
572	587
573	581
573	597
574	585
574	593
574	725
575	586
576	778
577	585
577	591
577	1024
577	1174
578	597
581	592
583	588
584	585
584	596
584	794
585	591
585	599
585	731
585	753
586	749
587	588
587	599
587	799
588	597
588	599
588	1194
589	596
589	778
590	597
591	796
592	773
596	732
600	611
600	612
600	620
600	647
600	686
600	690
600	1060
600	1075
601	618
601	620
601	630
601	640
601	650
601	662
601	1032
601	1035
602	612
602	617
602	653
602	667
602	692
602	711
602	716
602	990
602	1065
602	1070
602	1141
603	622
603	623
603	629
603	631
603	684
603	697
603	700
603	703
603	707
603	934
603	999
604	650
604	676
604	677
604	679
604	686
604	688
604	713
604	1019
604	1025
604	1076
605	626
605	639
605	653
605	665
605	669
605	685
605	692
605	694
605	707
605	712
605	936
605	976
605	978
605	1014
605	1030
605	1049
606	615
606	617
606	623
606	626
606	630
606	631
606	632
606	638
606	669
606	676
606	704
606	707
606	968
606	995
606	1005
606	1014
607	615
607	631
607	636
607	645
607	657
607	662
607	681
607	710
607	1022
607	1031
607	1069
607	1116
608	622
608	632
608	639
608	643
608	655
608	661
608	672
608	695
608	717
608	963
608	989
608	995
608	1019
608	1087
609	610
609	650
609	657
609	664
609	668
609	669
609	966
609	995
609	1024
609	1026
609	1073
610	611
610	613
610	617
610	630
610	636
610	677
610	700
610	711
610	714
610	980
610	997
610	1006
610	1072
610	1073
611	627
611	629
611	641
611	660
611	663
611	675
611	677
611	679
611	694
611	985
611	991
611	1025
612	616
612	628
612	636
612	652
612	674
612	679
612	692
612	705
612	715
612	912
612	983
612	986
612	1014
612	1029
612	1077
613	623
613	634
613	648
613	654
613	660
613	663
613	678
613	687
613	693
613	698
613	702
613	713
613	717
613	885
613	962
613	1055
613	1133
614	626
614	644
614	649
614	671
614	673
614	682
614	709
614	719
614	1039
614	1064
615	649
615	678
615	683
615	686
615	713
615	995
615	999
615	1061
616	625
616	654
616	980
616	994
616	1042
616	1053
616	1109
617	626
617	633
617	639
617	642
617	643
617	660
617	681
617	688
617	713
617	891
617	933
617	970
617	1001
617	1068
617	1079
618	641
618	653
618	673
618	682
618	685
618	691
618	710
618	715
618	954
618	983
618	999
618	1045
619	624
619	627
619	643
619	653
619	656
619	689
619	709
619	719
619	989
619	1004
619	1005
619	1014
619	1062
619	1072
619	1128
620	621
620	633
620	638
620	649
620	663
620	678
620	712
620	972
620	997
620	1014
620	1018
620	1062
620	1069
621	636
621	646
621	681
621	703
621	717
621	1001
621	1063
621	1066
621	1100
621	1133
622	626
622	638
622	647
622	673
622	693
622	696
622	992
622	1075
623	638
623	665
623	695
623	699
623	701
623	704
623	710
623	715
623	853
623	965
623	985
623	1005
623	1013
623	1027
623	1103
623	1106
624	652
624	692
624	975
624	998
624	1018
624	1063
624	1077
625	628
625	634
625	640
625	649
625	650
625	662
625	672
625	703
625	706
625	713
625	951
625	999
625	1180
626	636
626	678
626	679
626	681
626	684
626	689
626	709
626	713
626	904
626	943
626	964
626	981
626	994
626	1029
627	634
627	642
627	669
627	670
627	677
627	685
627	702
627	705
627	707
627	719
627	996
627	1047
627	1048
627	1066
627	1067
628	647
628	665
628	680
628	683
628	688
628	1002
628	1009
628	1025
628	1061
628	1096
628	1115
628	1182
629	637
629	638
629	644
629	649
629	652
629	656
629	679
629	683
629	690
629	700
629	713
629	995
630	656
630	660
630	666
630	682
630	698
630	710
630	1010
631	636
631	670
631	672
631	700
631	701
631	707
631	970
631	977
631	984
631	1042
632	637
632	643
632	651
632	652
632	660
632	665
632	699
632	715
632	717
632	1031
632	1051
632	1196
633	637
633	672
633	680
633	683
633	689
633	703
633	705
633	993
633	1019
633	1043
633	1064
633	1075
634	637
634	651
634	667
634	677
634	696
634	701
634	703
634	965
634	971
634	1032
634	1039
634	1194
635	666
635	677
635	678
635	711
635	857
635	1149
636	639
636	663
636	673
636	677
636	710
636	718
636	969
636	1005
636	1018
636	1064
637	649
637	652
637	653
637	654
637	675
637	696
637	705
637	717
637	983
637	998
637	1135
638	641
638	643
638	660
638	665
638	672
638	683
638	692
638	716
638	992
638	1005
638	1022
638	1058
638	1062
639	646
639	653
639	654
639	661
639	667
639	678
639	682
639	684
639	696
639	713
639	997
639	1119
640	653
640	656
640	665
640	668
640	683
640	693
640	711
640	718
640	866
640	977
640	978
640	991
640	1045
641	644
641	662
641	695
641	709
641	719
641	993
641	1014
641	1091
642	654
642	662
642	670
642	682
642	699
642	704
642	711
642	716
642	950
642	997
642	1031
642	1050
642	1070
643	656
643	657
643	663
643	670
643	673
643	678
643	691
643	694
643	697
643	713
643	718
643	964
643	981
643	1033
643	1056
644	660
644	662
644	668
644	681
644	927
644	976
644	1018
644	1037
644	1038
645	647
645	656
645	708
645	710
645	713
645	1001
645	1043
645	1044
645	1187
646	654
646	656
646	715
646	716
646	718
646	719
646	868
646	987
646	1017
647	659
647	674
647	688
647	718
647	962
647	992
647	1059
648	671
648	675
648	685
648	704
648	996
648	1008
648	1021
648	1025
648	1055
649	668
649	673
649	677
649	687
649	701
649	710
649	956
649	982
649	985
650	657
650	674
650	684
650	686
650	694
650	711
650	1002
650	1008
650	1022
650	1030
650	1048
650	1052
650	1060
650	1069
650	1115
651	680
651	685
651	695
651	705
651	710
651	713
651	989
651	991
651	1056
652	657
652	672
652	674
652	711
652	982
652	992
652	1003
652	1019
652	1051
653	678
653	683
653	687
653	701
653	973
653	985
653	1014
653	1068
653	1129
653	1147
654	657
654	660
654	675
654	681
654	695
654	702
654	934
654	973
654	1050
655	657
655	664
655	669
655	672
655	674
655	700
655	970
655	977
655	990
655	1065
655	1074
656	665
656	669
656	995
656	1019
656	1102
656	1136
657	663
657	665
657	678
657	713
657	718
657	969
657	972
657	1006
657	1015
657	1048
658	660
658	666
658	668
658	681
658	690
658	711
658	968
658	993
658	1027
658	1059
658	1076
658	1119
659	669
659	689
659	714
659	964
659	984
659	1063
659	1065
659	1196
660	680
660	690
660	708
660	714
660	987
660	997
660	1008
660	1026
660	1039
660	1059
660	1078
660	1103
661	667
661	668
661	718
661	998
661	1017
661	1035
662	676
662	692
662	700
662	714
662	1031
662	1137
663	665
663	679
663	699
663	700
663	1003
663	1153
664	680
664	685
664	689
664	698
664	708
664	710
664	718
664	1034
664	1036
665	693
665	708
665	711
665	712
665	715
665	857
665	964
665	1037
665	1046
665	1137
666	669
666	674
666	681
666	684
666	706
666	897
666	960
666	1040
667	694
667	697
667	992
667	1015
667	1050
667	1056
668	673
668	674
668	677
668	684
668	708
668	965
668	1070
668	1114
669	716
669	963
669	1032
669	1041
669	1042
669	1063
669	1131
670	672
670	684
670	686
670	705
670	716
670	973
670	979
670	996
670	1050
670	1071
671	675
671	678
671	688
671	691
671	698
671	708
671	856
671	988
671	989
671	1052
671	1067
671	1078
672	716
672	907
673	1035
673	1038
673	1060
673	1068
674	679
674	680
674	682
674	703
674	709
674	714
674	718
674	964
674	971
674	1040
675	677
675	691
675	695
675	706
675	711
675	719
675	963
675	968
676	690
676	699
676	709
676	969
676	994
676	1012
676	1040
676	1053
676	1079
677	691
677	709
677	717
677	718
677	1028
677	1034
677	1039
677	1045
677	1062
678	684
678	694
678	1051
678	1113
678	1175
679	687
679	706
679	988
679	1010
679	1038
679	1065
680	685
680	693
680	706
680	713
680	970
680	1019
680	1024
680	1064
680	1120
681	690
681	979
681	1050
681	1071
681	1094
682	698
682	701
682	710
682	977
682	1010
682	1013
682	1052
682	1066
683	690
683	692
683	701
683	705
683	965
683	969
683	971
683	974
683	989
683	1075
684	695
684	698
684	700
684	968
684	994
684	1006
684	1035
684	1046
684	1054
684	1067
684	1072
685	693
685	961
685	1034
686	695
686	704
686	709
686	969
686	983
686	1020
686	1054
686	1074
687	693
687	972
687	989
687	1003
687	1008
687	1015
687	1016
687	1038
687	1065
688	689
688	692
688	694
688	704
688	711
688	713
688	715
688	979
688	985
688	992
688	1008
688	1021
688	1028
688	1074
688	1138
689	698
689	704
689	1036
689	1069
689	1070
690	703
690	851
690	889
690	896
690	984
690	1110
691	694
691	873
691	1029
691	1052
691	1174
692	965
692	1058
692	1132
693	708
693	711
693	715
693	718
693	841
693	869
693	983
693	1014
693	1048
693	1054
694	702
694	715
694	718
694	719
694	976
694	1008
694	1009
694	1019
694	1101
695	975
695	1052
695	1055
695	1070
695	1125
695	1183
696	968
696	1017
696	1019
696	1056
696	1159
696	1189
697	719
697	975
697	1029
697	1040
697	1044
697	1056
697	1076
698	704
698	987
699	900
699	975
699	977
699	1009
699	1049
699	1163
700	708
700	968
700	995
700	1007
700	1009
700	1023
700	1065
700	1097
701	718
701	960
701	979
701	1027
701	1038
701	1077
701	1140
702	718
702	938
702	1002
702	1025
702	1035
702	1045
702	1063
702	1074
703	718
703	1007
703	1056
703	1068
703	1076
704	713
704	968
704	975
704	1011
704	1038
704	1042
704	1063
705	993
705	1035
705	1042
705	1071
705	1103
705	1187
706	708
706	965
706	983
706	1002
706	1012
706	1059
706	1075
706	1199
707	965
707	974
707	993
707	1033
708	964
708	991
708	1028
709	719
709	935
709	993
710	711
710	964
710	967
710	992
710	1042
710	1063
711	1005
711	1006
711	1029
711	1032
711	1072
712	714
712	966
712	971
712	1025
712	1032
712	1113
712	1186
713	978
713	988
713	998
713	1010
713	1026
713	1040
713	1071
713	1075
713	1081
714	717
714	719
714	969
714	1034
715	852
715	959
715	1064
716	971
716	1051
716	1053
717	987
717	1008
717	1017
717	1058
718	1050
718	1054
718	1060
719	997
719	1020
719	1050
719	1056
719	1074
720	735
720	739
720	745
720	756
720	758
720	787
720	788
720	824
720	836
720	1082
720	1100
720	1130
721	746
721	766
721	782
721	784
721	808
721	820
721	1115
721	1148
721	1156
721	1180
722	747
722	752
722	757
722	764
722	785
722	789
722	796
722	797
722	801
722	809
722	833
722	838
722	1113
722	1134
722	1163
723	725
723	727
723	764
723	768
723	774
723	804
723	816
723	1093
723	1129
723	1146
723	1147
723	1175
723	1180
724	725
724	745
724	747
724	750
724	754
724	763
724	766
724	774
724	789
724	793
724	1099
724	1197
725	749
725	752
725	761
725	773
725	778
725	779
725	783
725	806
725	1081
725	1108
725	1123
725	1199
726	728
726	735
726	738
726	753
726	781
726	782
726	784
726	810
726	814
726	819
726	826
726	832
726	1100
726	1105
726	1131
727	749
727	760
727	774
727	777
727	788
727	801
727	805
727	816
727	833
727	1099
727	1106
727	1113
727	1161
728	732
728	743
728	748
728	751
728	776
728	785
728	787
728	789
728	800
728	805
728	818
728	833
728	1189
729	764
729	771
729	778
729	795
729	799
729	802
729	825
729	837
729	1080
729	1124
729	1185
729	1189
730	738
730	762
730	787
730	797
730	806
730	823
730	826
730	1127
730	1192
731	735
731	747
731	750
731	764
731	805
731	807
731	821
731	1098
732	733
732	738
732	741
732	757
732	766
732	773
732	779
732	808
732	834
732	1100
732	1150
732	1196
733	743
733	755
733	785
733	792
733	819
733	823
733	834
733	1098
733	1190
734	762
734	766
734	775
734	801
734	832
734	838
734	1097
734	1100
734	1118
734	1150
734	1152
734	1175
734	1176
734	1195
735	753
735	754
735	763
735	765
735	769
735	777
735	801
735	803
735	814
735	815
735	826
735	828
735	1148
735	1149
735	1184
735	1193
736	756
736	764
736	777
736	778
736	781
736	784
736	802
736	813
736	838
736	1112
736	1180
737	769
737	773
737	777
737	778
737	783
737	791
737	796
737	812
737	1104
737	1124
738	762
738	764
738	765
738	809
738	1117
738	1129
738	1145
739	772
739	781
739	808
739	809
739	813
739	817
739	829
740	755
740	788
740	792
740	799
740	804
740	823
740	1119
740	1134
740	1197
741	752
741	774
741	782
741	784
741	786
741	798
741	803
741	811
741	819
741	829
741	832
741	1113
741	1150
741	1196
742	747
742	767
742	776
742	783
742	785
742	792
742	800
742	805
742	809
742	839
742	973
742	1130
742	1131
742	1143
743	755
743	773
743	775
743	783
743	790
743	836
743	1088
743	1119
743	1156
743	1172
744	754
744	761
744	764
744	771
744	791
744	798
744	799
744	830
744	1106
744	1125
745	751
745	756
745	795
745	800
745	823
745	829
745	838
745	1118
745	1187
746	774
746	839
746	1088
746	1136
746	1171
746	1189
747	748
747	755
747	806
747	812
747	830
747	833
747	1137
747	1145
747	1159
747	1168
748	767
748	774
748	784
748	786
748	796
748	805
748	810
748	814
748	821
748	827
748	1122
748	1142
748	1149
748	1153
748	1168
749	770
749	773
749	776
749	784
749	788
749	790
749	795
749	801
749	1069
749	1106
749	1147
750	758
750	771
750	776
750	778
750	790
750	798
750	803
750	1133
750	1136
751	760
751	788
751	817
751	821
751	1109
751	1117
751	1123
752	758
752	759
752	773
752	777
752	799
752	800
752	803
752	810
752	828
752	833
752	1139
752	1142
752	1151
752	1153
752	1178
753	763
753	770
753	772
753	773
753	775
753	776
753	785
753	786
753	791
753	792
753	795
753	829
753	1097
753	1128
753	1149
753	1185
754	755
754	764
754	794
754	802
754	808
754	812
754	814
754	817
754	821
754	831
754	837
754	1087
754	1094
754	1118
754	1126
754	1179
754	1191
755	775
755	783
755	796
755	833
755	1084
755	1106
755	1157
756	782
756	786
756	820
756	826
756	836
756	837
756	1121
756	1159
756	1194
757	768
757	774
757	777
757	779
757	794
757	823
757	838
757	1123
757	1132
757	1149
757	1183
758	764
758	765
758	766
758	772
758	783
758	792
758	823
758	1129
758	1155
759	765
759	776
759	793
759	794
759	799
759	813
759	830
759	834
759	1118
759	1140
759	1164
759	1171
759	1188
760	770
760	775
760	815
760	818
760	835
760	836
761	768
761	814
761	822
762	769
762	784
762	789
762	810
762	813
762	831
762	836
762	1107
762	1146
762	1194
763	770
763	782
763	801
763	832
763	1091
763	1115
763	1121
763	1170
763	1181
763	1192
764	770
764	772
764	775
764	779
764	782
764	793
764	795
764	810
764	816
764	820
764	829
764	833
764	1089
764	1098
764	1126
764	1129
764	1131
764	1176
765	769
765	800
765	812
765	813
765	822
765	827
765	1083
765	1162
766	779
766	785
766	809
766	815
766	822
766	830
766	837
766	1120
766	1126
766	1136
767	769
767	781
767	800
767	802
767	819
767	1090
767	1132
767	1195
768	769
768	771
768	774
768	783
768	796
768	816
768	1116
768	1128
768	1140
768	1164
768	1171
768	1184
768	1195
769	786
769	790
769	825
769	830
769	834
769	1108
769	1121
769	1146
769	1164
769	1193
770	782
770	800
770	808
770	1115
770	1124
770	1136
771	803
771	808
771	810
771	1113
772	789
772	811
772	826
772	1123
772	1140
773	784
773	786
773	800
773	818
773	1098
773	1100
773	1102
773	1110
773	1132
773	1133
773	1142
773	1177
773	1185
774	783
774	791
774	819
774	827
774	829
774	1122
774	1154
774	1182
775	790
775	801
775	805
775	809
775	810
775	811
775	1137
775	1140
776	779
776	785
776	802
776	822
776	826
776	832
776	1094
776	1133
776	1172
777	802
777	809
777	818
777	824
777	1195
778	782
778	792
778	794
778	799
778	814
778	831
778	837
778	1081
778	1103
779	790
779	799
779	803
779	814
779	815
779	816
779	818
779	822
779	831
779	836
779	1101
779	1172
780	791
780	792
780	798
780	804
780	812
780	824
780	834
780	1096
780	1108
780	1127
780	1192
780	1194
781	783
781	798
781	804
781	810
781	813
781	823
781	832
781	1100
781	1182
781	1186
782	794
782	815
782	1124
783	784
783	809
783	833
783	838
783	1192
784	791
784	1081
784	1095
784	1102
784	1186
784	1187
784	1188
784	1199
785	795
785	802
785	811
785	828
785	839
785	1196
786	813
786	837
786	1094
786	1095
786	1119
786	1131
786	1137
786	1142
787	803
787	823
787	839
787	1126
788	795
788	806
788	1109
788	1131
788	1165
788	1179
789	803
789	825
789	1114
789	1119
789	1172
790	823
790	830
790	833
790	839
790	1122
790	1163
790	1194
791	797
791	822
791	829
791	831
791	1130
791	1144
791	1175
791	1179
791	1183
791	1184
792	805
792	811
792	815
792	816
792	818
792	1003
792	1136
792	1189
793	806
793	826
793	1088
793	1132
793	1164
794	804
794	1115
794	1119
794	1138
794	1148
795	802
795	1082
795	1093
795	1100
796	799
796	803
796	804
796	818
796	822
796	823
796	838
796	1114
796	1198
797	816
797	1173
797	1189
798	808
798	813
798	831
798	838
798	1096
798	1104
798	1183
798	1197
798	1198
799	1124
800	823
800	1101
800	1122
800	1154
800	1163
801	802
801	824
801	832
801	834
801	835
801	837
801	838
801	1083
802	818
802	837
802	1122
802	1148
803	821
803	831
803	1083
803	1153
803	1169
804	832
804	834
804	1098
804	1133
805	837
805	1196
806	809
806	815
806	834
806	1122
806	1159
806	1169
807	817
807	1095
807	1096
807	1107
807	1125
807	1153
807	1164
807	1192
808	813
808	824
808	826
808	830
808	834
808	1109
808	1132
808	1146
808	1150
808	1155
808	1159
808	1198
809	810
809	815
809	1101
810	1098
810	1131
810	1135
810	1144
810	1155
810	1171
811	1113
811	1147
812	833
812	1092
812	1143
812	1168
812	1176
813	832
813	833
814	825
814	827
814	1080
814	1083
814	1112
814	1137
814	1145
814	1157
814	1193
815	829
815	1138
815	1150
816	832
816	1097
816	1099
816	1111
816	1124
816	1139
817	822
817	837
817	839
817	1095
817	1129
817	1178
817	1188
817	1197
818	819
818	1131
819	1107
819	1182
819	1187
820	1123
820	1125
820	1130
820	1136
820	1144
820	1147
820	1161
820	1165
821	1118
821	1120
821	1187
821	1192
822	831
822	838
822	1109
822	1128
822	1183
823	827
823	1124
823	1132
823	1134
823	1154
824	836
824	1076
824	1166
824	1199
825	839
825	1082
825	1093
825	1099
825	1118
825	1187
826	1126
826	1161
826	1170
826	1186
827	837
827	1104
828	1110
829	835
829	1088
829	1131
829	1164
829	1172
830	839
830	1030
830	1123
830	1171
831	1143
831	1188
832	1083
833	1089
833	1110
833	1144
833	1172
834	1097
834	1126
834	1127
834	1139
834	1140
835	1088
835	1120
835	1123
835	1186
835	1196
836	1096
837	1088
838	1103
838	1130
838	1153
838	1171
839	1139
839	1173
840	867
840	868
840	870
840	884
840	898
840	905
840	910
840	931
840	937
840	952
841	848
841	854
841	869
841	883
841	899
841	904
841	905
841	924
841	929
841	942
841	959
842	862
842	883
842	895
842	897
842	901
842	910
842	913
842	935
842	938
842	943
843	852
843	854
843	856
843	860
843	872
843	879
843	894
843	906
843	914
843	931
843	945
843	947
843	948
843	954
843	1009
844	869
844	876
844	878
844	912
844	931
844	932
844	933
844	934
844	949
844	958
845	850
845	855
845	863
845	875
845	888
845	889
845	893
845	913
845	921
845	930
845	959
846	847
846	851
846	853
846	855
846	868
846	874
846	883
846	898
846	926
846	938
846	942
846	943
847	849
847	858
847	866
847	869
847	882
847	883
847	893
847	900
847	908
847	940
847	941
847	950
847	956
848	856
848	862
848	864
848	871
848	877
848	882
848	886
848	911
848	916
848	928
848	948
849	852
849	858
849	860
849	863
849	884
849	897
849	939
849	941
850	883
850	904
850	916
850	927
850	928
850	930
850	935
850	936
851	872
851	885
851	943
851	945
851	950
851	958
852	853
852	857
852	859
852	864
852	871
852	889
852	900
852	917
852	925
852	941
852	948
852	951
853	863
853	885
853	923
854	859
854	863
854	866
854	886
854	954
855	872
855	875
855	882
855	900
855	903
855	937
855	985
856	866
856	874
856	876
856	886
856	913
856	916
856	939
856	957
856	959
857	895
857	905
857	911
857	949
858	861
858	891
858	897
858	903
858	935
858	940
859	884
859	904
859	936
859	941
859	955
860	865
860	875
860	879
860	890
860	941
860	959
861	877
861	878
861	894
861	903
861	920
861	929
861	945
861	958
862	885
862	889
862	913
862	919
862	920
862	927
862	932
862	936
863	882
863	894
863	906
863	925
863	947
863	951
863	959
864	871
864	874
864	878
864	879
864	895
864	915
864	918
864	922
864	923
864	930
864	932
864	933
864	935
864	943
864	958
865	876
865	888
865	908
865	924
866	868
866	901
866	902
866	912
866	920
866	930
867	873
867	878
867	885
867	888
867	905
867	916
867	920
867	926
867	927
867	936
868	911
868	936
868	938
869	875
869	876
869	882
869	910
869	921
869	922
869	934
869	952
870	871
870	896
870	898
870	908
870	925
871	891
871	912
871	919
871	956
872	926
872	931
872	947
873	874
873	888
873	904
873	908
873	921
873	928
873	929
873	954
873	958
874	876
874	898
874	932
874	945
875	920
876	890
876	905
876	919
876	922
876	926
876	981
877	893
877	927
877	929
877	938
877	955
877	956
878	891
878	901
878	924
879	881
879	882
879	892
879	897
879	901
879	935
879	944
879	956
880	881
880	909
880	926
880	929
880	944
880	947
881	900
881	911
881	919
881	934
882	893
882	921
883	904
883	910
883	925
883	949
883	956
883	959
884	893
884	913
884	914
884	915
884	927
884	958
885	914
885	923
885	932
885	940
885	944
886	893
886	895
886	930
886	943
886	951
886	997
887	901
887	902
887	927
887	931
887	941
887	957
888	890
888	902
888	921
888	933
888	946
889	901
889	913
889	918
889	920
889	939
889	942
889	945
889	949
889	957
889	958
890	892
890	923
890	938
890	944
890	951
891	899
891	905
891	912
891	915
891	952
892	907
892	918
892	923
893	899
893	919
893	922
893	925
893	940
894	906
894	910
894	920
894	932
894	936
894	953
894	955
896	899
896	902
896	910
896	919
897	898
897	920
897	921
897	923
897	943
898	907
898	916
898	919
898	921
898	927
898	955
899	934
899	942
899	957
900	914
900	926
900	937
900	938
900	997
901	920
901	928
901	930
901	934
902	903
902	907
902	922
902	948
902	951
903	912
903	937
903	945
903	946
904	933
904	935
904	944
904	948
905	912
905	916
905	937
905	941
905	943
905	945
905	951
905	956
905	959
906	909
906	913
906	914
906	933
906	938
906	1055
907	911
907	920
907	928
907	946
907	950
907	956
908	918
908	923
908	953
908	955
909	924
909	940
909	954
909	958
910	945
910	950
910	952
910	954
910	959
911	917
911	919
911	926
911	949
912	937
912	947
912	948
913	933
913	942
913	945
913	953
914	916
914	925
914	934
914	944
914	950
914	952
914	958
914	984
915	917
915	919
915	955
915	956
916	926
916	927
916	939
916	947
916	955
916	958
917	919
917	936
917	938
917	952
918	928
918	946
918	956
918	957
919	927
919	930
919	935
919	937
919	940
919	952
920	921
920	942
920	945
922	932
922	938
922	939
922	952
923	954
924	959
925	956
926	930
927	949
927	959
928	942
928	950
929	931
929	953
930	931
930	940
930	954
930	957
930	960
931	938
932	944
933	949
933	970
934	936
934	939
934	940
934	951
935	939
935	940
936	937
936	956
936	957
937	939
937	940
937	955
938	948
938	949
938	950
939	943
940	944
944	950
945	946
945	949
946	957
947	950
949	950
953	959
953	1002
954	999
956	959
960	970
960	972
960	997
960	1006
960	1047
960	1054
960	1063
960	1077
961	962
961	971
961	975
961	977
961	979
961	1000
961	1010
961	1014
961	1018
961	1024
961	1033
961	1036
961	1045
961	1069
962	966
962	970
962	976
962	1026
962	1060
962	1072
963	990
963	1000
963	1014
963	1033
964	978
964	984
964	1000
964	1018
964	1019
964	1023
964	1026
964	1038
964	1068
965	973
965	991
965	993
965	995
965	1015
965	1020
965	1045
966	997
966	1000
966	1004
966	1027
966	1076
967	982
967	988
967	993
967	1013
967	1031
967	1038
967	1042
967	1048
967	1060
967	1061
967	1062
967	1065
967	1076
968	978
968	1002
968	1004
968	1015
968	1028
968	1034
968	1036
968	1047
968	1050
968	1055
968	1067
969	979
969	1027
969	1042
970	979
970	980
970	992
970	1002
970	1003
970	1012
970	1016
970	1038
970	1064
971	984
971	995
971	1014
971	1025
971	1029
971	1033
971	1047
971	1048
971	1055
971	1060
972	979
972	983
972	1004
972	1015
972	1038
972	1055
972	1071
973	979
973	995
973	1003
973	1010
973	1035
973	1056
973	1078
974	984
974	985
974	991
974	998
974	1001
974	1003
974	1006
974	1022
974	1029
974	1038
975	1001
975	1020
975	1025
975	1046
975	1047
975	1059
975	1074
976	978
976	1004
976	1012
976	1019
976	1020
976	1053
977	1004
977	1034
977	1044
977	1048
977	1049
977	1067
978	1003
978	1006
978	1022
978	1024
978	1033
978	1048
978	1056
979	980
979	987
979	988
979	993
979	994
979	1013
979	1020
979	1028
979	1031
979	1041
979	1042
979	1047
979	1052
979	1057
979	1071
979	1079
980	982
980	990
980	1000
980	1014
980	1017
980	1031
980	1067
980	1069
981	996
981	1006
981	1047
981	1050
981	1053
981	1064
981	1065
982	985
982	988
982	994
982	1008
982	1022
982	1038
982	1055
982	1058
982	1068
982	1075
983	996
983	999
983	1000
983	1017
983	1062
983	1064
983	1066
984	989
984	994
984	1001
984	1021
984	1038
984	1045
984	1050
984	1068
985	1005
985	1006
985	1014
985	1022
985	1025
985	1060
986	1000
986	1002
986	1009
986	1031
986	1075
987	1002
987	1006
987	1038
988	1008
988	1010
988	1013
988	1014
988	1015
988	1049
988	1050
988	1066
988	1078
989	995
989	1007
989	1017
989	1019
989	1047
989	1050
989	1062
990	999
990	1030
990	1035
990	1039
990	1044
990	1045
990	1055
990	1058
990	1061
990	1070
991	1012
991	1056
992	1008
992	1013
992	1027
992	1030
992	1054
992	1064
992	1075
992	1078
993	1002
993	1004
993	1005
993	1012
993	1019
993	1033
993	1040
993	1044
993	1052
994	1018
994	1037
994	1044
994	1051
995	997
995	1011
995	1019
995	1039
995	1049
995	1056
995	1060
995	1062
995	1075
995	1078
996	1024
996	1047
996	1057
996	1065
996	1068
996	1071
996	1072
996	1073
997	998
997	1007
997	1049
997	1050
997	1066
998	1027
998	1039
998	1052
998	1055
999	1005
999	1014
999	1015
999	1037
999	1046
999	1057
1000	1006
1000	1008
1000	1025
1000	1034
1000	1055
1000	1059
1000	1062
1000	1068
1000	1074
1001	1006
1001	1011
1001	1013
1001	1024
1001	1033
1001	1069
1001	1072
1001	1073
1002	1043
1002	1057
1002	1059
1002	1065
1002	1072
1002	1177
1003	1014
1003	1021
1003	1028
1003	1038
1003	1043
1003	1050
1003	1051
1003	1055
1003	1058
1003	1066
1003	1069
1003	1076
1004	1008
1004	1068
1004	1078
1005	1021
1005	1028
1005	1045
1006	1032
1006	1033
1007	1008
1007	1014
1007	1017
1007	1028
1007	1030
1007	1040
1007	1066
1008	1012
1008	1030
1008	1052
1008	1062
1009	1010
1009	1070
1009	1078
1010	1035
1010	1055
1010	1066
1010	1072
1010	1074
1010	1078
1011	1049
1011	1068
1011	1075
1011	1078
1012	1058
1012	1079
1012	1188
1013	1025
1013	1029
1013	1034
1013	1052
1014	1021
1014	1022
1014	1028
1014	1048
1014	1062
1014	1077
1015	1020
1015	1021
1015	1063
1015	1073
1017	1020
1017	1025
1017	1026
1017	1065
1017	1069
1017	1075
1018	1047
1018	1076
1018	1078
1019	1028
1019	1036
1019	1039
1019	1043
1019	1058
1020	1031
1020	1039
1020	1055
1020	1074
1020	1078
1021	1026
1021	1032
1021	1050
1021	1064
1021	1066
1021	1072
1021	1074
1021	1076
1022	1025
1022	1034
1022	1058
1022	1060
1022	1063
1022	1066
1023	1024
1023	1029
1023	1036
1023	1048
1023	1066
1023	1072
1023	1075
1023	1078
1024	1026
1024	1029
1024	1036
1024	1047
1024	1055
1024	1058
1024	1073
1024	1079
1025	1033
1025	1041
1025	1050
1025	1051
1025	1052
1025	1053
1025	1057
1025	1075
1026	1046
1026	1065
1027	1038
1027	1044
1027	1045
1027	1053
1027	1059
1027	1062
1027	1065
1027	1066
1027	1068
1027	1070
1027	1073
1027	1075
1028	1039
1028	1064
1028	1067
1029	1035
1029	1060
1030	1033
1030	1034
1030	1047
1030	1079
1031	1048
1031	1049
1031	1053
1031	1076
1032	1041
1033	1075
1033	1076
1034	1046
1034	1059
1034	1060
1035	1045
1035	1051
1035	1058
1035	1069
1035	1075
1036	1040
1036	1061
1036	1068
1036	1076
1036	1077
1036	1078
1036	1079
1037	1050
1037	1054
1037	1055
1037	1070
1039	1056
1039	1060
1039	1075
1040	1041
1040	1067
1040	1075
1041	1042
1041	1067
1042	1052
1042	1058
1042	1063
1043	1055
1043	1056
1043	1070
1043	1078
1044	1053
1044	1059
1044	1077
1045	1057
1045	1071
1049	1058
1049	1060
1049	1068
1049	1072
1050	1076
1050	1079
1051	1060
1051	1066
1051	1067
1051	1078
1052	1060
1053	1077
1053	1079
1056	1058
1057	1075
1058	1066
1058	1073
1059	1067
1060	1072
1060	1078
1061	1067
1061	1075
1065	1068
1066	1071
1066	1075
1066	1077
1071	1077
1072	1074
1072	1075
1074	1076
1075	1077
1080	1090
1080	1105
1080	1106
1080	1107
1080	1111
1080	1132
1080	1149
1080	1151
1080	1160
1080	1163
1080	1164
1080	1173
1080	1187
1081	1091
1081	1097
1081	1120
1081	1123
1081	1132
1081	1134
1081	1178
1081	1195
1082	1095
1082	1097
1082	1098
1082	1104
1082	1133
1082	1136
1082	1163
1082	1167
1083	1104
1083	1111
1083	1115
1083	1121
1083	1169
1084	1091
1084	1109
1084	1120
1084	1126
1084	1188
1085	1108
1085	1114
1085	1124
1085	1131
1085	1151
1085	1177
1086	1093
1086	1097
1086	1100
1086	1109
1086	1110
1086	1112
1086	1126
1086	1151
1086	1175
1086	1184
1086	1185
1086	1186
1087	1093
1087	1112
1087	1113
1087	1114
1087	1128
1087	1162
1087	1175
1087	1196
1088	1109
1088	1115
1088	1122
1088	1152
1088	1157
1089	1093
1089	1123
1089	1127
1089	1143
1089	1151
1089	1172
1090	1105
1090	1106
1090	1125
1090	1133
1090	1140
1090	1141
1090	1165
1090	1188
1091	1097
1091	1149
1091	1163
1091	1183
1091	1194
1092	1096
1092	1097
1092	1147
1092	1167
1092	1176
1092	1190
1092	1194
1092	1199
1093	1127
1093	1139
1093	1180
1093	1194
1094	1114
1094	1127
1094	1135
1094	1157
1094	1159
1094	1161
1094	1177
1094	1181
1095	1099
1095	1109
1095	1111
1095	1115
1095	1123
1095	1125
1095	1141
1095	1153
1095	1176
1095	1187
1096	1108
1096	1109
1096	1113
1096	1127
1096	1144
1096	1147
1096	1152
1096	1176
1096	1179
1096	1195
1097	1100
1097	1109
1097	1122
1097	1133
1097	1147
1097	1158
1097	1165
1097	1167
1097	1184
1097	1197
1097	1199
1098	1100
1098	1125
1098	1139
1099	1110
1099	1116
1099	1163
1099	1164
1099	1170
1100	1113
1100	1125
1100	1139
1100	1149
1100	1154
1100	1171
1100	1183
1100	1192
1100	1196
1101	1102
1101	1113
1101	1125
1101	1132
1101	1148
1101	1168
1102	1114
1102	1115
1102	1118
1102	1126
1102	1132
1102	1146
1103	1130
1103	1137
1103	1145
1103	1149
1103	1152
1104	1105
1104	1108
1104	1117
1104	1134
1104	1154
1104	1161
1104	1177
1104	1197
1104	1198
1105	1137
1106	1107
1106	1110
1106	1153
1106	1155
1106	1173
1106	1182
1106	1183
1106	1187
1107	1134
1107	1155
1107	1158
1107	1159
1107	1191
1108	1112
1108	1118
1108	1124
1108	1125
1108	1127
1108	1140
1108	1185
1109	1112
1109	1121
1109	1124
1109	1152
1109	1153
1109	1154
1109	1191
1110	1130
1110	1147
1110	1161
1110	1168
1110	1174
1110	1182
1110	1188
1111	1135
1111	1172
1111	1173
1111	1197
1112	1120
1112	1161
1112	1179
1112	1184
1112	1199
1113	1131
1113	1138
1113	1140
1113	1141
1113	1143
1113	1152
1113	1153
1113	1164
1113	1171
1113	1181
1113	1182
1114	1122
1114	1130
1114	1142
1114	1147
1114	1167
1114	1169
1114	1195
1115	1123
1115	1147
1115	1153
1115	1168
1115	1170
1115	1192
1116	1123
1116	1154
1116	1159
1116	1177
1117	1141
1117	1147
1117	1151
1117	1156
1117	1158
1117	1186
1118	1132
1118	1138
1118	1142
1118	1147
1118	1155
1118	1157
1118	1162
1118	1166
1118	1168
1118	1172
1118	1176
1118	1179
1118	1181
1118	1189
1119	1130
1119	1143
1119	1146
1119	1149
1119	1168
1119	1175
1120	1122
1120	1127
1120	1132
1120	1149
1120	1151
1120	1182
1120	1199
1121	1126
1121	1138
1121	1170
1121	1182
1122	1133
1122	1140
1122	1141
1122	1142
1122	1143
1122	1146
1122	1148
1122	1161
1122	1169
1122	1173
1122	1180
1122	1181
1122	1187
1123	1130
1123	1131
1123	1159
1123	1160
1123	1166
1123	1185
1124	1130
1124	1131
1124	1142
1124	1165
1124	1168
1124	1175
1124	1184
1124	1198
1125	1149
1125	1158
1125	1173
1125	1174
1125	1176
1125	1190
1125	1196
1126	1159
1127	1145
1127	1153
1127	1184
1127	1198
1128	1133
1128	1169
1128	1183
1128	1186
1128	1190
1129	1132
1129	1139
1129	1148
1129	1166
1130	1132
1130	1136
1130	1143
1130	1156
1130	1161
1130	1163
1130	1165
1130	1170
1130	1180
1130	1183
1130	1188
1131	1150
1131	1154
1131	1169
1131	1173
1131	1178
1131	1179
1131	1181
1131	1193
1132	1152
1132	1159
1133	1134
1133	1136
1133	1140
1133	1164
1133	1170
1133	1189
1133	1198
1134	1155
1135	1147
1135	1166
1135	1185
1135	1193
1136	1149
1136	1157
1136	1172
1136	1175
1136	1185
1137	1174
1137	1190
1137	1193
1137	1197
1138	1139
1138	1144
1138	1148
1138	1161
1138	1162
1138	1163
1138	1169
1138	1174
1138	1187
1138	1191
1139	1159
1139	1162
1139	1176
1139	1187
1139	1191
1140	1144
1140	1147
1140	1151
1140	1165
1140	1173
1140	1187
1140	1188
1141	1152
1141	1192
1142	1168
1142	1186
1142	1195
1143	1144
1143	1151
1143	1184
1143	1195
1144	1163
1144	1167
1144	1191
1145	1162
1145	1167
1145	1177
1145	1193
1145	1196
1146	1148
1146	1160
1146	1186
1146	1187
1146	1194
1146	1198
1147	1181
1148	1171
1148	1182
1149	1158
1149	1159
1149	1165
1149	1179
1150	1167
1150	1194
1151	1154
1151	1161
1151	1183
1151	1191
1151	1194
1152	1162
1152	1188
1152	1191
1153	1156
1153	1160
1153	1195
1154	1185
1155	1159
1155	1169
1155	1182
1156	1159
1156	1171
1156	1180
1156	1181
1156	1183
1156	1195
1157	1184
1157	1188
1157	1189
1158	1160
1158	1172
1158	1175
1159	1165
1159	1166
1159	1173
1159	1182
1159	1191
1160	1172
1160	1176
1160	1183
1160	1184
1160	1199
1161	1174
1161	1191
1162	1178
1162	1180
1163	1175
1163	1181
1163	1192
1163	1193
1164	1180
1164	1186
1164	1195
1164	1199
1165	1168
1165	1178
1165	1185
1165	1189
1166	1187
1167	1182
1167	1198
1168	1174
1168	1191
1169	1171
1169	1175
1169	1188
1170	1180
1170	1195
1171	1175
1171	1176
1172	1184
1172	1185
1172	1191
1172	1195
1172	1196
1173	1178
1173	1188
1173	1195
1174	1186
1174	1187
1174	1192
1174	1198
1175	1186
1175	1195
1175	1199
1176	1185
1176	1188
1177	1190
1177	1196
1178	1192
1178	1196
1179	1185
1179	1189
1179	1192
1181	1186
1181	1194
1183	1198
1184	1195
1184	1198
1184	1199
1186	1195
1186	1197
1186	1199
1187	1190
1187	1196
1189	1197
1189	1198
1191	1197
1194	1198
