# k = 10
# N = 900
# alpha = 2
# beta = 1.0
# Qe = 0.4
#	FromNodeId	ToNodeId
0	3
0	29
0	30
0	46
0	77
0	445
0	815
1	5
1	14
1	24
1	31
1	36
1	46
1	77
1	87
1	405
1	429
1	450
1	509
1	662
1	699
2	15
2	30
2	31
2	42
2	43
2	52
2	57
2	72
2	464
2	513
2	688
3	8
3	9
3	22
3	44
3	79
3	85
3	408
3	431
3	866
4	16
4	28
4	38
4	52
4	56
4	64
4	70
4	80
4	83
4	430
4	656
5	13
5	16
5	50
5	52
5	59
5	75
5	456
5	503
6	11
6	12
6	15
6	16
6	19
6	40
6	48
6	56
6	76
6	454
6	472
6	508
6	518
6	896
7	35
7	87
7	433
7	458
7	532
7	702
7	869
8	11
8	15
8	26
8	33
8	440
8	478
8	491
8	713
8	714
8	852
8	874
9	10
9	17
9	22
9	26
9	31
9	34
9	407
9	494
9	516
10	28
10	39
10	42
10	47
10	52
10	57
10	71
10	77
10	85
10	436
10	448
10	467
10	492
10	851
11	16
11	17
11	18
11	30
11	38
11	47
11	54
11	74
11	78
11	501
11	666
11	877
12	13
12	42
12	66
12	70
12	77
12	87
12	388
12	445
12	504
12	665
13	16
13	18
13	20
13	48
13	53
13	57
13	65
13	69
13	85
13	393
13	443
13	699
13	713
14	29
14	33
14	60
14	64
14	71
14	77
14	78
14	87
14	498
14	830
14	849
14	864
15	31
15	34
15	40
15	42
15	62
15	64
15	67
15	80
15	516
15	713
15	813
16	21
16	26
16	35
16	39
16	50
16	52
16	58
16	72
16	74
16	87
16	829
17	41
17	46
17	51
17	52
17	56
17	693
18	33
18	41
18	59
18	78
18	80
18	87
18	423
18	465
18	858
18	880
19	20
19	27
19	33
19	47
19	57
19	78
19	89
19	367
19	508
19	513
19	818
20	24
20	26
20	27
20	30
20	31
20	33
20	47
20	65
20	68
20	80
20	83
20	458
20	499
20	504
20	674
20	707
20	861
20	886
21	36
21	39
21	46
21	75
21	83
21	89
21	463
21	473
22	26
22	27
22	30
22	34
22	37
22	57
22	88
22	461
22	535
22	706
22	838
23	24
23	49
23	53
23	56
23	58
23	60
23	72
23	81
23	84
23	86
23	452
23	459
23	470
23	649
24	35
24	48
24	70
24	71
24	77
24	87
24	427
24	433
24	462
24	487
24	512
24	528
25	26
25	30
25	44
25	47
25	56
25	63
25	67
25	70
25	74
25	87
25	368
25	386
25	506
25	518
26	51
26	398
26	419
26	462
26	539
26	893
27	44
27	45
27	88
27	89
27	506
27	509
27	511
27	665
27	859
28	52
28	68
28	71
28	75
28	87
28	88
28	518
28	529
28	663
28	850
29	45
29	62
29	70
29	71
29	367
29	486
29	489
30	71
30	73
30	515
30	520
30	670
30	874
31	67
31	71
31	76
31	79
31	84
31	474
31	498
31	719
32	40
32	53
32	58
32	59
32	67
32	71
32	363
32	465
32	532
33	63
33	65
33	82
33	461
33	496
33	522
33	876
34	42
34	45
34	53
34	72
34	513
34	850
34	899
35	44
35	58
35	59
35	70
35	77
35	86
35	396
35	400
36	69
36	75
36	79
36	696
36	884
37	63
37	630
37	646
37	891
38	46
38	55
38	60
38	70
38	74
38	82
38	89
38	521
38	534
39	45
39	84
39	85
39	402
39	483
39	507
39	665
39	812
40	46
40	71
40	74
40	77
40	453
40	707
41	54
41	58
41	69
41	76
41	83
41	364
41	450
41	674
42	45
42	52
42	56
42	76
42	83
42	89
42	426
42	436
43	48
43	71
43	80
43	471
43	532
44	46
44	49
44	55
44	66
44	81
44	85
45	65
45	68
45	81
45	82
45	89
45	653
45	833
46	50
46	64
46	70
46	84
46	87
46	417
46	493
46	888
47	64
47	72
47	76
47	81
47	474
47	640
47	689
47	868
48	51
48	55
48	56
48	60
48	61
48	81
48	82
48	423
48	432
49	54
49	75
49	81
49	370
49	452
49	486
49	502
50	55
50	60
50	77
50	513
50	682
51	539
51	654
51	843
52	54
52	57
52	66
52	72
52	76
52	79
52	83
53	71
53	83
53	84
53	89
53	451
53	459
53	657
53	669
53	686
53	697
53	896
54	397
54	536
54	666
55	78
55	365
55	467
56	67
56	71
56	89
56	455
56	877
56	878
56	897
57	66
57	68
57	71
57	75
57	82
57	89
57	384
57	393
57	486
57	498
57	675
58	66
58	85
58	443
58	538
58	675
59	60
59	65
59	77
59	88
59	431
59	511
59	522
59	530
60	62
60	65
60	71
60	80
60	81
60	362
60	477
60	515
60	535
61	87
61	448
61	484
62	75
62	86
63	79
63	80
63	500
63	505
63	637
63	667
64	67
64	78
64	89
64	437
64	475
64	687
64	884
65	363
65	476
65	508
65	645
66	81
66	700
67	73
67	489
67	534
67	719
67	847
67	857
68	80
68	83
68	460
68	469
68	646
68	661
68	704
69	80
69	451
69	644
69	846
70	436
70	670
70	705
70	811
70	885
71	83
71	381
71	467
71	470
71	515
71	690
72	78
72	84
72	416
72	492
72	716
73	76
73	80
73	83
73	437
73	467
73	640
73	653
73	697
74	83
74	360
74	514
75	89
75	452
75	475
75	831
76	87
76	461
76	465
76	475
76	879
77	86
77	441
77	528
78	534
78	659
78	672
78	814
79	511
79	661
80	82
80	88
80	389
80	497
80	512
81	82
81	87
81	476
81	832
82	83
82	84
83	89
83	520
83	633
84	448
84	513
84	539
84	673
84	697
85	86
85	477
86	87
86	366
86	453
86	523
86	691
86	896
87	390
87	893
88	421
88	434
88	466
88	498
88	499
88	508
89	403
89	695
90	115
90	125
90	141
90	152
90	164
90	170
90	178
90	545
90	780
91	158
91	170
91	175
91	546
91	602
91	609
91	611
91	625
91	739
92	102
92	125
92	126
92	150
92	545
92	580
92	586
92	592
92	611
93	103
93	108
93	110
93	112
93	142
93	146
93	147
93	158
93	540
93	551
93	748
93	791
94	122
94	130
94	144
94	160
94	556
94	585
94	605
94	620
95	101
95	136
95	152
95	157
95	169
95	171
95	175
95	585
95	590
95	600
95	603
95	618
95	806
96	108
96	117
96	118
96	123
96	126
96	132
96	140
96	160
96	162
96	167
96	550
96	576
96	586
96	594
97	104
97	105
97	109
97	136
97	163
97	177
97	259
97	543
97	557
97	583
97	586
97	592
98	103
98	114
98	125
98	130
98	132
98	564
98	599
98	623
98	626
99	106
99	117
99	149
99	164
99	176
99	554
99	563
99	580
99	614
100	105
100	110
100	111
100	129
100	133
100	134
100	138
100	141
100	155
100	169
100	175
100	580
100	598
100	612
100	619
100	805
101	132
101	141
101	145
101	151
101	159
101	172
101	174
101	547
102	138
102	160
102	576
102	594
102	602
102	623
102	628
102	725
102	752
102	786
103	111
103	118
103	122
103	130
103	150
103	151
103	154
103	173
103	177
103	569
103	608
103	712
103	795
104	141
104	148
104	151
104	157
104	168
104	179
104	549
104	558
104	594
104	727
104	743
105	124
105	127
105	133
105	141
105	143
105	151
105	163
105	167
105	547
105	555
105	605
105	798
106	125
106	140
106	150
106	165
106	178
106	582
106	583
106	620
106	801
107	144
107	156
107	163
107	179
107	570
107	621
108	129
108	133
108	136
108	159
108	548
108	565
108	567
108	599
108	600
108	649
109	114
109	116
109	117
109	119
109	122
109	128
109	132
109	137
109	138
109	154
109	169
109	174
109	178
109	568
109	603
109	775
110	123
110	126
110	133
110	136
110	142
110	148
110	156
110	158
110	165
110	173
110	544
110	590
110	613
110	764
110	788
111	115
111	116
111	128
111	144
111	159
111	160
111	174
111	176
111	545
111	583
112	123
112	125
112	141
112	148
112	160
112	175
112	628
113	121
113	129
113	134
113	146
113	147
113	156
113	500
113	585
113	764
114	115
114	124
114	139
114	145
114	150
114	165
114	548
114	549
114	561
114	595
114	626
114	745
115	116
115	120
115	131
115	177
115	549
115	556
115	562
115	622
115	767
116	139
116	140
116	149
116	169
116	557
116	570
116	581
116	582
116	747
117	120
117	137
117	148
117	153
117	155
117	174
117	542
117	558
117	568
117	612
117	615
118	119
118	120
118	124
118	151
118	156
118	157
118	163
118	561
118	618
118	626
118	805
119	122
119	131
119	136
119	141
119	145
119	146
119	150
119	151
119	159
119	161
119	162
119	545
119	583
119	729
119	748
120	127
120	131
120	133
120	145
120	150
120	151
120	156
120	165
120	171
120	572
121	131
121	135
121	147
121	152
121	160
121	165
121	166
121	168
121	551
121	567
121	588
122	123
122	136
122	146
122	148
122	153
122	160
122	167
122	579
122	607
122	622
123	139
123	170
123	172
123	583
123	592
123	618
123	781
124	125
124	138
124	143
124	160
124	164
124	178
124	620
125	145
125	149
125	152
125	156
125	179
125	545
125	562
125	585
125	604
126	130
126	137
126	153
126	162
126	165
126	173
126	549
126	559
126	589
126	623
126	725
127	597
128	145
128	146
128	147
128	158
128	162
128	540
128	574
128	587
128	614
129	137
129	142
129	147
129	158
129	162
129	170
129	171
129	172
129	177
129	576
129	770
130	137
130	151
130	159
130	161
130	163
130	170
130	172
130	575
130	582
130	585
130	594
130	612
130	751
131	136
131	150
131	152
131	611
131	612
131	634
131	659
132	136
132	137
132	145
132	162
132	169
132	174
132	581
132	594
132	595
132	604
132	611
132	624
133	134
133	147
133	153
133	154
133	167
133	564
133	576
133	577
133	582
133	590
133	624
134	138
134	147
134	150
134	158
134	172
134	175
135	141
135	165
135	176
135	553
135	557
135	568
135	585
135	600
135	704
135	799
136	146
136	150
136	545
136	587
136	618
136	629
137	145
137	165
137	594
137	629
137	796
138	142
138	144
138	149
138	170
138	175
138	544
138	556
138	582
138	586
138	601
138	621
138	629
139	140
139	141
139	587
139	647
140	150
140	553
140	563
140	644
141	158
141	164
141	165
141	172
141	579
141	601
141	602
142	155
142	268
142	541
142	555
142	591
142	597
143	153
143	604
144	167
144	169
144	171
144	544
144	594
144	770
145	552
145	554
145	574
145	621
145	622
146	149
146	151
146	163
146	165
146	167
146	547
146	558
146	577
146	597
146	615
146	616
146	644
146	680
147	154
147	176
147	178
147	589
147	613
147	754
148	150
148	154
148	162
148	163
148	543
148	554
148	576
148	588
148	724
148	726
149	168
149	562
149	576
149	620
149	768
150	153
150	162
150	546
150	562
150	621
150	642
150	761
151	177
151	548
151	554
151	603
151	657
152	156
152	173
152	174
152	552
152	560
152	570
152	621
153	154
153	157
153	168
153	178
153	544
153	560
153	562
153	605
154	159
154	172
154	176
154	670
154	731
154	733
154	796
155	164
155	547
155	583
155	588
155	620
156	160
156	164
156	169
156	551
156	576
156	581
156	605
157	174
157	558
157	566
157	620
157	626
158	159
158	166
158	169
158	586
158	622
158	773
159	162
159	167
159	174
159	177
159	178
159	555
159	567
159	597
160	571
160	591
160	610
160	614
160	806
161	552
161	582
161	601
161	619
162	166
162	170
162	246
162	544
162	556
162	563
162	583
162	590
162	615
162	627
163	542
163	543
163	559
163	582
163	614
164	165
164	791
165	171
165	172
165	173
165	580
165	611
165	625
165	626
166	172
166	615
166	622
167	174
167	542
167	568
168	170
168	176
168	555
168	558
168	582
168	596
168	699
169	171
169	173
169	560
169	576
169	621
169	758
170	547
170	557
170	571
170	589
170	595
170	613
170	770
171	574
172	597
172	627
173	179
173	541
173	555
173	557
173	609
174	175
174	547
174	600
174	622
174	759
175	562
175	573
175	583
175	586
175	591
175	611
175	612
175	623
175	785
175	788
176	179
176	627
177	179
177	582
177	607
177	621
177	627
178	551
178	559
178	747
179	540
179	619
179	625
179	626
180	190
180	191
180	195
180	215
180	236
180	249
180	251
180	397
180	425
180	743
180	754
181	187
181	188
181	195
181	212
181	236
181	239
181	248
181	255
181	267
181	374
181	413
182	186
182	190
182	194
182	202
182	205
182	233
182	245
182	259
182	263
182	266
182	391
182	415
182	437
183	190
183	203
183	212
183	222
183	223
183	233
183	240
183	260
183	269
183	378
183	393
183	404
183	416
183	442
184	200
184	230
184	251
184	253
184	256
184	316
184	375
184	381
184	394
184	395
184	412
184	744
185	194
185	202
185	212
185	221
185	231
185	236
185	249
185	257
185	292
185	369
186	187
186	195
186	203
186	224
186	226
186	231
186	232
186	240
186	241
186	259
186	277
186	371
186	401
187	208
187	228
187	230
187	231
187	237
187	243
187	254
187	269
187	323
187	341
187	412
188	206
188	208
188	215
188	219
188	234
188	242
188	248
188	255
188	256
188	257
188	265
188	377
188	403
188	433
188	434
189	190
189	201
189	202
189	203
189	224
189	236
189	239
189	245
189	249
189	259
189	270
189	320
189	406
189	442
190	218
190	254
190	305
190	438
191	223
191	225
191	232
191	236
191	240
191	247
191	298
192	234
192	242
192	250
192	254
192	256
192	264
192	335
192	336
192	358
192	442
193	196
193	213
193	244
193	373
193	447
194	196
194	203
194	230
194	248
194	364
194	378
194	380
194	395
194	425
194	430
194	444
195	198
195	201
195	215
195	223
195	233
195	235
195	237
195	242
195	264
195	360
195	364
195	388
195	399
195	403
196	200
196	214
196	225
196	249
196	269
196	396
196	404
196	413
196	420
196	423
196	441
196	800
197	205
197	211
197	223
197	253
197	259
197	269
197	295
197	347
197	411
197	442
198	214
198	222
198	240
198	246
198	253
198	255
198	259
198	275
198	327
198	368
198	430
198	732
199	214
199	220
199	224
199	226
199	235
199	251
199	390
199	404
199	418
199	435
199	446
199	448
200	232
200	235
200	245
200	258
200	259
200	265
200	366
200	400
200	426
200	441
200	449
201	206
201	211
201	231
201	249
201	256
201	258
201	261
201	772
202	210
202	241
202	245
202	249
202	250
202	251
202	254
202	257
202	260
202	263
202	284
202	330
202	387
202	769
202	793
203	207
203	212
203	213
203	233
203	234
203	251
203	253
203	260
203	395
203	402
203	432
203	442
204	213
204	223
204	228
204	232
204	255
204	259
204	371
204	392
204	394
205	220
205	222
205	223
205	248
205	260
205	261
205	268
205	375
205	395
205	399
205	435
206	237
206	252
206	260
206	261
206	268
206	369
206	382
207	209
207	218
207	220
207	222
207	244
207	248
207	256
207	371
208	227
208	234
208	243
208	299
208	390
208	397
208	405
208	762
209	210
209	214
209	267
209	367
209	385
209	439
209	752
209	759
210	261
210	310
210	374
210	416
210	786
211	242
211	269
211	285
211	429
211	446
212	225
212	226
212	238
212	246
212	250
212	257
212	268
212	324
212	368
212	371
212	386
212	419
212	424
212	440
212	445
212	778
213	226
213	241
213	243
213	256
213	267
214	227
214	239
214	245
214	261
214	262
214	264
214	367
214	440
215	239
215	244
215	252
215	256
215	262
215	264
215	380
215	431
215	758
216	226
216	228
216	249
216	265
216	373
217	229
217	237
217	246
217	261
217	268
217	392
217	426
217	435
218	231
218	249
218	268
218	305
218	348
219	251
219	253
219	263
219	264
219	269
219	340
219	367
220	222
220	235
220	237
220	250
220	251
220	264
220	360
220	370
220	391
221	228
221	230
221	251
221	259
221	398
221	418
221	426
221	750
221	763
222	237
222	239
222	243
222	248
222	257
222	365
222	411
222	431
222	449
223	226
223	233
223	256
223	257
223	263
223	268
223	400
223	409
223	436
224	232
224	262
224	266
224	320
224	395
224	446
224	447
225	251
225	252
225	259
225	396
225	402
225	417
225	436
226	230
226	234
226	248
226	263
226	269
226	363
226	368
226	389
226	414
226	421
226	428
226	429
226	439
226	775
227	235
227	242
227	247
227	252
227	253
227	254
227	345
227	381
227	392
227	423
227	425
228	253
228	258
228	339
228	373
228	398
228	772
228	803
229	242
229	263
229	368
229	379
229	409
230	259
230	421
230	426
230	430
230	738
230	786
231	236
231	239
231	252
231	265
231	306
231	399
231	411
231	430
232	257
232	361
232	776
233	236
233	255
233	257
233	328
233	341
233	370
233	396
234	261
234	344
234	380
234	420
234	448
235	238
235	255
235	268
235	304
235	332
235	368
235	395
235	401
236	245
236	250
236	254
236	255
236	382
236	391
236	395
236	397
236	413
236	435
236	437
236	753
236	775
237	246
237	248
237	251
237	256
237	353
237	365
237	382
237	387
237	410
238	240
238	255
238	257
238	260
238	269
238	297
238	361
238	396
239	249
239	262
239	378
239	422
240	250
240	257
240	259
240	325
240	360
240	398
240	430
240	449
240	798
241	263
241	317
241	379
241	443
242	260
242	358
242	364
242	402
242	405
242	433
243	245
243	257
243	259
243	268
243	400
243	409
243	444
244	247
244	266
244	269
244	392
244	422
244	431
244	449
245	249
245	250
245	254
245	364
245	407
245	436
246	247
246	251
246	257
246	268
246	303
246	376
246	382
246	416
246	429
246	449
247	254
247	256
247	414
247	438
247	447
247	749
248	367
248	371
248	375
248	728
249	250
249	330
249	397
249	401
249	430
249	449
250	252
250	259
250	284
250	376
250	397
250	401
250	420
250	432
250	435
251	255
251	265
251	371
251	381
251	392
251	729
252	256
252	261
252	262
252	268
252	361
252	387
252	406
252	423
252	432
253	258
253	261
253	269
253	319
253	406
253	416
253	426
253	437
254	255
254	260
254	263
254	390
254	393
254	760
255	264
255	269
255	328
255	376
255	379
255	437
256	262
256	327
256	360
256	403
256	423
256	431
256	806
257	263
257	281
257	521
258	348
258	363
258	367
258	412
258	415
258	423
258	770
259	269
259	330
259	381
259	386
259	398
259	423
260	280
260	355
260	405
260	428
260	431
261	270
261	377
261	417
261	446
262	310
262	363
262	383
263	308
263	377
264	381
264	433
265	267
265	384
265	390
265	405
265	412
265	413
265	416
266	269
266	385
266	639
267	304
267	433
267	441
267	445
267	737
268	383
268	392
268	425
268	443
269	319
270	276
270	278
270	279
270	292
270	295
270	303
270	305
270	306
270	345
270	351
270	357
270	487
270	510
271	272
271	279
271	281
271	320
271	329
271	341
271	345
271	509
271	529
271	535
272	279
272	284
272	287
272	296
272	303
272	309
272	311
272	326
272	332
272	343
272	346
272	353
272	459
272	535
272	742
272	774
273	283
273	293
273	299
273	320
273	345
273	450
273	451
273	625
274	279
274	294
274	315
274	320
274	338
274	345
274	349
274	357
274	523
274	536
274	725
275	278
275	282
275	288
275	319
275	326
275	328
275	339
275	347
275	351
275	576
276	287
276	289
276	301
276	325
276	334
276	579
277	295
277	298
277	319
277	322
277	337
277	359
277	543
277	583
277	624
278	285
278	287
278	289
278	307
278	316
278	329
278	331
278	338
278	345
278	498
278	507
278	554
278	774
278	784
278	797
279	281
279	292
279	299
279	300
279	312
279	313
279	317
279	321
279	326
279	334
279	340
279	342
279	355
279	514
279	515
279	519
279	522
279	581
280	309
280	310
280	325
280	503
280	533
280	598
280	610
280	735
280	767
280	784
280	786
281	339
281	346
281	348
281	610
282	302
282	316
282	317
282	340
282	355
282	470
282	531
282	597
282	613
282	762
282	773
283	289
283	293
283	294
283	296
283	302
283	336
283	349
283	352
283	359
283	503
283	736
283	739
284	294
284	298
284	320
284	329
284	330
284	331
284	349
284	352
284	461
284	487
284	552
284	602
284	763
284	775
285	300
285	303
285	308
285	309
285	316
285	345
285	483
285	497
285	532
285	675
285	739
286	304
286	320
286	321
286	322
286	334
286	337
286	342
286	348
286	349
286	492
286	501
286	743
287	288
287	311
287	317
287	338
287	340
287	565
287	575
287	767
288	293
288	303
288	309
288	346
288	460
288	472
288	484
288	502
288	531
289	304
289	310
289	319
289	322
289	325
289	327
289	346
289	348
289	355
289	450
289	455
289	475
289	501
289	722
290	308
290	319
290	324
290	332
290	356
290	481
290	511
290	539
290	724
290	752
291	302
291	311
291	341
291	350
291	502
291	572
292	311
292	324
292	325
292	334
292	468
292	475
292	499
292	502
292	511
292	618
292	625
293	309
293	316
293	322
293	323
293	343
293	344
293	345
293	352
293	358
293	515
293	555
293	610
293	645
294	300
294	313
294	319
294	330
294	331
294	333
294	341
294	344
294	467
294	565
294	576
295	321
295	326
295	339
295	346
295	554
295	738
296	321
296	333
296	337
296	353
296	537
296	562
296	563
296	728
296	747
296	778
297	302
297	309
297	325
297	334
297	342
297	359
297	508
297	543
298	299
298	328
298	520
298	551
298	739
299	300
299	320
299	336
299	340
299	344
299	467
299	661
300	311
300	312
300	321
300	338
300	339
300	453
300	474
300	554
300	618
300	741
300	765
301	310
301	348
301	353
301	354
301	355
301	356
301	531
301	555
301	657
301	758
301	778
301	793
302	326
302	341
302	344
302	357
302	727
303	307
303	315
303	338
303	340
303	350
303	351
303	771
304	311
304	317
304	326
304	330
304	331
304	357
304	456
304	509
304	518
304	538
304	797
305	315
305	332
305	333
305	338
305	339
305	341
305	344
305	345
305	350
305	355
305	605
305	756
306	311
306	331
306	788
307	330
307	355
307	359
307	475
307	528
307	534
307	736
307	744
308	332
308	339
308	345
308	357
308	359
308	608
309	310
309	319
309	334
309	337
309	339
309	345
309	358
309	469
309	507
309	723
309	755
310	313
310	324
310	345
310	347
310	353
310	356
310	357
310	358
310	513
310	540
310	547
310	593
310	734
310	782
311	330
311	507
311	571
312	315
312	321
312	334
312	347
312	354
312	357
312	587
312	746
313	322
313	339
313	354
313	473
313	490
313	515
313	565
313	781
314	317
314	319
314	325
314	341
314	350
314	456
314	520
314	533
315	316
315	339
315	341
315	359
315	451
315	463
315	739
316	317
316	322
316	323
316	327
316	335
316	346
316	745
316	774
317	318
317	327
317	331
317	337
317	340
317	352
317	491
317	543
317	738
317	743
317	763
318	333
318	336
318	338
318	460
318	462
318	485
318	584
319	324
319	341
319	344
319	466
319	569
319	749
320	337
320	359
320	452
320	484
320	521
320	809
321	326
321	334
321	339
321	490
321	515
321	560
321	739
322	325
322	331
322	336
322	341
322	342
322	347
322	601
322	738
322	776
323	452
323	544
324	329
324	330
324	352
324	356
324	760
325	328
325	334
325	342
325	514
325	542
325	745
325	763
326	348
326	352
326	353
326	506
326	513
326	520
326	772
327	343
327	347
327	353
327	355
327	452
327	482
327	599
327	618
327	752
327	801
328	329
328	334
328	344
328	345
329	351
329	451
329	490
329	800
330	358
330	472
331	346
331	353
331	471
331	473
331	557
331	561
331	731
331	778
331	782
332	342
332	343
332	349
332	350
332	497
332	518
332	593
332	641
332	757
332	771
332	796
333	512
333	756
334	343
334	358
334	477
334	520
334	530
334	756
334	761
334	799
335	345
335	352
335	353
335	733
335	753
335	755
335	770
336	340
336	341
336	342
336	594
336	777
336	781
337	353
337	532
337	728
337	771
338	340
338	343
338	358
338	464
338	518
338	617
338	757
339	472
340	345
340	354
340	359
340	488
341	347
341	503
341	762
342	344
342	461
342	783
343	344
343	347
343	492
343	629
343	732
343	753
343	756
344	348
344	356
344	359
344	772
345	353
345	466
345	485
345	529
345	578
345	764
346	354
346	489
346	570
346	575
346	577
346	625
346	736
347	505
347	805
348	355
348	356
348	735
348	800
349	454
349	499
349	519
350	629
350	778
351	464
351	763
352	489
352	502
352	511
352	761
353	355
353	459
353	522
353	802
355	482
356	514
356	529
356	532
356	586
357	507
357	532
357	578
357	808
358	483
358	491
358	523
358	539
358	809
359	476
359	485
359	787
360	361
360	364
360	373
360	379
360	387
360	402
360	406
360	410
360	443
361	378
361	386
361	390
361	392
361	395
361	401
361	402
361	405
361	418
361	426
361	427
362	364
362	383
362	392
362	428
362	445
363	369
363	380
363	382
363	393
363	406
363	409
363	423
363	435
363	441
363	442
363	536
364	376
364	406
364	408
364	422
364	429
364	432
365	381
365	384
365	390
365	410
365	414
365	418
365	434
366	372
366	375
366	376
366	391
366	400
366	401
366	403
366	423
366	428
366	434
367	369
367	379
367	417
367	433
367	446
367	673
368	379
368	412
368	434
368	436
368	442
369	370
369	377
369	389
369	397
369	402
369	409
369	438
369	446
370	372
370	387
370	392
370	425
370	432
370	448
370	449
370	687
370	707
371	397
371	441
371	442
371	444
372	401
372	402
372	409
372	410
372	423
372	426
372	449
372	659
373	383
373	385
373	399
373	407
373	426
373	430
373	435
373	447
373	658
373	693
374	375
374	387
374	422
374	424
374	439
374	442
374	443
374	451
374	637
375	376
375	386
375	387
375	388
375	417
375	423
375	444
375	675
376	377
376	388
376	402
376	413
376	427
376	439
376	645
377	385
377	388
378	391
378	412
378	417
379	384
379	400
379	402
379	407
379	434
379	440
379	445
379	673
380	381
380	398
380	400
380	402
380	403
380	406
380	443
380	446
381	393
381	400
381	401
381	405
381	406
381	412
381	415
381	427
381	440
381	444
381	640
382	388
382	402
382	421
382	438
382	440
382	447
383	391
383	405
383	410
383	416
383	434
383	716
384	405
384	410
384	419
384	433
384	443
385	397
385	423
385	435
385	655
386	387
386	389
386	393
386	396
386	414
386	417
386	424
386	427
386	431
386	433
386	438
386	445
387	412
387	423
388	389
388	408
388	409
388	416
388	428
388	433
388	449
389	409
389	421
389	424
389	430
390	392
390	401
390	402
390	403
390	410
390	421
390	432
390	435
390	436
390	439
390	445
391	398
391	400
391	429
391	435
391	436
391	445
391	448
392	407
392	420
392	421
392	437
392	446
393	399
393	425
393	431
393	442
393	445
394	401
394	411
394	417
394	428
394	437
394	445
394	446
395	431
395	440
395	447
395	448
396	406
396	424
396	429
396	431
397	398
397	401
397	414
397	416
398	408
398	433
398	653
399	428
400	413
400	414
400	416
400	423
400	445
400	449
400	632
401	419
401	426
401	437
402	417
402	418
402	423
402	434
402	435
403	417
403	438
403	439
403	449
404	415
404	443
404	446
404	448
405	414
405	418
405	427
405	435
405	671
406	422
406	434
406	439
406	449
407	410
407	415
407	423
407	429
407	437
407	438
407	440
407	449
407	493
408	413
408	422
408	424
408	430
408	433
408	446
408	449
408	670
408	717
409	410
409	417
409	425
409	434
409	449
410	419
410	438
410	653
411	412
411	416
411	438
411	448
411	684
412	416
412	426
413	424
413	426
413	435
413	447
414	449
415	443
415	668
416	449
417	434
417	442
417	444
417	445
417	449
418	419
418	435
419	437
419	446
420	426
420	432
420	449
421	426
421	429
421	438
422	431
422	685
424	429
424	433
425	448
425	463
425	689
426	446
427	430
427	445
427	657
428	431
428	437
428	442
429	430
429	431
429	440
430	440
430	449
431	436
431	437
431	678
431	686
432	434
433	445
434	436
434	438
434	446
436	442
437	442
437	443
438	440
438	447
440	640
441	442
441	447
442	677
443	447
443	449
444	449
444	702
445	446
447	671
448	449
450	462
450	465
450	467
450	468
450	489
450	492
450	495
450	509
450	521
450	524
450	529
451	459
451	479
451	503
451	510
451	513
451	530
451	632
451	640
452	468
452	472
452	483
452	487
452	510
452	683
452	711
453	460
453	461
453	466
453	469
453	472
453	482
453	486
453	499
453	508
453	509
453	515
453	536
453	687
454	461
454	465
454	480
454	487
454	490
454	495
454	504
454	508
454	537
454	690
454	706
455	487
455	491
455	507
455	509
455	511
455	680
456	475
456	480
456	498
456	501
456	520
456	535
456	666
456	667
457	463
457	506
457	508
457	536
457	633
458	463
458	472
458	476
458	490
458	503
458	509
458	516
458	522
458	530
458	532
458	534
458	664
458	699
459	484
459	487
459	489
459	490
459	537
459	539
459	637
460	462
460	477
460	486
460	499
460	510
460	526
460	535
461	468
461	481
461	511
461	515
461	525
461	637
462	468
462	477
462	489
462	491
462	500
462	507
462	509
462	527
462	531
462	535
462	642
462	661
463	475
463	486
463	488
463	506
463	521
463	530
463	536
463	641
464	465
464	470
464	492
464	505
464	530
464	537
465	470
465	482
465	494
465	513
465	528
465	530
465	533
466	480
466	501
466	502
466	506
466	514
466	530
466	531
466	533
466	660
466	688
467	472
467	474
467	475
467	489
467	490
467	494
467	500
467	514
467	525
467	531
467	532
468	470
468	471
468	484
468	538
468	539
468	660
468	697
469	486
469	498
469	499
469	518
470	483
470	490
470	492
470	498
470	528
470	533
470	700
471	483
471	484
471	487
471	505
471	516
471	528
471	534
471	651
472	478
472	480
472	488
472	522
472	527
472	531
472	537
472	700
473	475
473	476
473	485
473	517
473	523
473	526
473	535
473	538
473	644
474	494
474	515
474	527
474	539
475	480
475	483
475	489
475	494
475	509
475	522
475	530
475	630
475	644
475	692
476	484
476	518
476	526
476	536
476	682
477	480
477	520
477	539
477	693
478	497
478	503
478	510
478	512
478	525
478	526
478	530
478	534
479	480
479	481
479	487
479	512
479	532
479	538
479	539
479	690
480	498
480	512
480	516
480	538
481	490
481	509
481	516
481	525
481	528
481	529
481	533
482	492
482	494
482	507
482	508
482	522
482	536
482	537
482	538
483	505
483	507
483	510
483	694
484	496
484	518
484	665
484	677
485	501
485	527
485	532
486	507
486	509
486	513
486	523
487	492
487	499
487	501
487	509
487	514
487	515
487	527
487	531
487	533
488	499
488	521
488	523
488	536
488	694
488	695
489	494
489	501
489	514
489	523
490	518
490	528
490	537
491	492
491	497
491	499
491	509
491	534
491	656
491	716
492	495
492	497
492	498
492	514
492	517
492	525
492	529
492	536
492	680
493	504
493	516
493	519
493	646
493	669
493	705
493	716
494	526
495	499
495	501
495	502
495	522
495	526
495	532
495	533
495	633
495	705
496	503
496	524
496	532
497	499
497	510
497	514
497	517
497	526
497	654
497	664
497	683
497	718
498	507
498	520
498	526
498	637
499	510
499	536
499	698
500	501
500	530
500	531
501	519
501	538
501	539
502	521
502	654
503	515
503	532
503	679
504	525
504	698
505	517
505	526
505	642
506	523
506	533
506	534
507	522
507	524
507	528
507	536
507	537
508	522
508	661
509	517
509	522
509	643
510	655
511	520
511	528
511	649
512	523
512	531
512	536
512	539
512	634
512	658
512	695
512	699
513	522
513	526
513	703
514	530
514	677
514	697
515	526
516	524
516	527
516	528
517	518
517	524
517	526
517	537
517	711
518	524
518	533
519	523
519	531
519	533
519	767
520	522
520	524
520	525
520	528
520	529
520	713
521	525
521	530
521	532
521	534
521	653
521	672
522	523
522	532
523	525
523	532
524	527
524	536
524	538
525	690
526	635
526	636
526	672
526	718
526	764
528	692
529	534
529	657
529	692
530	532
531	708
533	653
533	688
534	537
534	539
536	539
536	659
537	640
537	645
538	707
539	644
539	679
540	545
540	546
540	549
540	574
540	583
540	585
540	601
541	547
541	578
541	594
541	598
541	615
541	622
542	553
542	555
542	561
542	569
542	585
542	594
542	599
542	602
542	604
542	606
542	613
543	554
543	559
543	566
543	575
543	584
543	592
543	616
543	626
544	547
544	552
544	559
544	566
544	569
544	572
544	578
544	585
544	600
544	614
544	623
545	566
545	569
545	589
545	603
545	621
546	557
546	564
546	579
546	585
546	588
546	594
546	603
546	607
546	610
546	611
546	618
546	625
547	550
547	569
547	577
547	581
547	606
547	614
547	618
547	626
548	556
548	575
548	579
548	586
548	599
548	607
548	610
548	620
548	622
549	565
549	567
549	579
549	587
549	588
549	590
549	591
549	618
549	626
550	558
550	586
550	595
550	625
550	628
551	591
551	593
551	603
551	612
551	619
551	623
552	566
553	584
553	585
553	586
553	591
553	593
553	595
553	601
553	603
553	623
554	555
554	561
554	571
554	576
554	577
554	584
554	590
554	593
554	615
554	620
554	626
554	629
555	560
555	562
555	600
555	608
556	563
556	571
556	585
556	587
556	616
556	629
557	566
557	576
557	600
557	608
557	613
558	570
558	579
558	602
558	603
558	610
558	612
558	626
559	565
559	576
559	615
559	617
559	626
560	595
560	597
560	609
561	563
561	573
561	576
561	589
561	590
561	596
561	616
562	587
562	604
563	565
563	571
563	573
563	580
563	581
563	582
563	583
563	585
563	590
563	617
563	626
564	572
564	576
564	593
564	602
565	582
565	592
565	597
565	608
566	573
566	603
566	608
566	614
567	581
567	594
567	600
567	606
567	614
567	621
568	569
568	581
568	583
568	584
568	589
568	603
568	613
569	574
569	611
569	612
569	623
569	625
569	628
570	587
570	608
570	622
571	575
571	577
571	591
571	601
571	605
571	612
571	614
571	615
571	629
572	580
572	582
572	583
572	586
572	595
572	599
572	624
573	576
573	579
573	585
573	588
573	590
573	592
573	599
573	606
573	625
574	581
574	585
574	603
574	620
575	585
575	594
575	608
575	616
575	627
576	581
576	599
577	597
577	598
577	611
577	612
577	619
577	626
577	628
578	587
578	589
578	593
578	620
579	599
579	606
579	618
579	625
579	628
580	587
580	596
580	598
580	615
580	623
581	615
581	623
581	625
581	629
582	614
582	625
583	594
583	628
584	601
584	607
584	609
584	615
585	586
585	595
585	614
585	623
586	593
586	608
586	615
587	604
587	608
587	613
588	600
588	623
589	593
589	615
590	606
591	613
591	622
592	606
593	616
593	618
593	629
594	596
594	610
594	620
595	611
595	612
595	618
595	622
595	627
596	625
597	608
597	620
597	625
598	601
598	606
598	607
598	614
598	618
598	622
599	603
599	616
599	617
600	604
600	616
600	628
601	608
601	611
601	616
601	625
602	617
602	618
602	622
602	628
602	629
603	605
603	612
603	623
603	625
603	629
604	606
604	610
604	628
605	609
605	614
605	627
606	607
606	619
606	623
606	629
607	623
608	611
608	619
608	622
608	628
609	614
609	620
609	622
610	613
611	617
611	618
611	624
611	886
613	614
613	626
614	624
617	626
617	628
618	864
621	624
626	629
630	631
630	644
630	646
630	654
630	674
630	683
630	686
630	688
630	712
630	713
630	718
631	639
631	663
631	667
631	670
631	672
631	691
631	709
631	713
631	716
631	805
631	890
632	638
632	658
632	667
632	668
632	687
632	709
632	718
633	654
633	661
633	662
633	681
633	704
633	707
633	824
633	848
633	864
634	650
634	653
634	658
634	675
634	677
634	694
634	704
634	781
634	825
634	834
634	881
635	643
635	646
635	650
635	652
635	653
635	665
635	670
635	672
635	677
635	706
635	709
635	711
635	800
635	849
635	892
636	647
636	651
636	654
636	660
636	671
636	677
636	705
636	884
636	899
637	643
637	647
637	664
637	674
637	675
637	688
637	701
637	705
637	706
637	712
637	715
637	717
637	818
638	655
638	664
638	700
638	705
638	716
638	717
639	652
639	663
639	671
639	687
639	700
639	709
639	716
639	861
639	867
640	649
640	662
640	664
640	675
640	676
640	692
640	705
640	844
640	846
641	642
641	662
641	663
641	675
641	688
641	693
641	708
641	715
641	716
641	718
642	649
642	654
642	659
642	660
642	669
642	675
642	686
642	690
642	691
642	880
642	887
643	650
643	654
643	678
643	684
643	685
643	695
643	716
643	828
644	648
644	652
644	660
644	668
644	679
644	696
644	707
644	844
644	876
644	883
644	886
644	899
645	653
645	661
645	693
645	714
645	715
645	758
645	834
646	649
646	658
646	674
646	679
646	680
646	686
646	693
646	701
646	712
646	714
646	719
646	817
647	659
647	667
647	670
647	689
647	695
647	716
647	718
647	894
648	680
648	687
648	690
648	713
648	716
648	858
649	659
649	661
649	667
649	676
649	684
649	691
649	697
649	700
649	711
649	759
649	894
650	676
650	683
650	688
650	703
650	743
650	858
651	663
651	669
651	678
651	687
651	688
651	718
651	814
652	659
652	663
652	670
652	700
652	817
652	870
653	682
653	683
653	687
653	691
653	704
653	804
653	824
653	835
653	892
653	893
654	660
654	661
654	686
654	693
654	696
654	697
654	701
654	705
654	712
654	716
654	842
655	663
655	682
655	705
655	708
655	714
655	862
655	871
656	677
656	691
656	705
656	706
656	852
656	876
657	674
657	684
657	686
657	694
657	695
657	714
657	717
657	881
658	662
658	684
658	688
658	698
658	853
658	858
659	662
659	673
659	674
659	688
659	693
659	695
659	709
659	746
659	822
659	870
659	874
660	661
660	664
660	673
660	681
660	685
660	692
660	711
661	669
661	708
661	825
661	899
662	665
662	686
662	694
662	715
662	719
662	840
663	676
663	680
663	681
663	684
663	702
663	717
663	718
663	864
664	676
664	687
664	702
664	707
664	708
664	710
664	841
664	845
664	847
665	673
665	699
665	707
665	841
666	668
666	680
666	682
666	697
666	698
666	704
667	676
667	687
667	702
667	703
667	807
667	893
668	669
668	679
668	680
668	684
668	685
668	692
668	708
668	715
668	733
668	867
668	878
669	678
669	687
669	689
669	707
669	719
669	875
670	706
671	678
671	708
672	684
672	685
672	690
672	691
672	701
672	715
672	716
672	829
673	677
673	679
673	690
673	695
673	696
673	717
673	894
674	693
674	695
674	716
674	814
674	857
674	878
675	678
675	709
675	716
675	719
675	844
676	677
676	680
676	686
676	687
676	692
676	708
676	839
676	848
676	884
677	688
677	847
677	866
678	687
678	704
678	717
678	823
678	838
678	842
678	859
678	879
679	689
679	704
679	715
679	813
679	819
679	838
679	886
680	681
680	684
680	693
680	697
680	715
680	870
681	883
681	889
682	687
682	689
682	698
682	710
683	690
683	714
683	862
684	688
684	695
684	713
684	716
684	718
684	719
686	707
686	758
687	688
687	709
687	714
687	719
687	845
687	877
688	691
688	695
688	717
688	815
688	825
688	869
689	707
689	714
689	843
690	692
690	707
690	717
690	819
690	827
691	693
691	696
691	898
692	824
692	838
692	845
692	871
693	696
693	702
693	704
693	839
694	698
694	704
694	713
695	708
695	741
695	826
695	829
696	703
696	709
696	710
696	869
696	870
698	846
699	848
699	850
700	704
700	716
700	898
701	850
701	862
701	876
702	852
703	711
703	811
703	899
704	823
705	717
706	838
706	853
707	839
707	845
708	821
709	710
709	716
709	825
710	711
710	717
710	832
710	849
710	851
710	852
710	891
711	715
711	818
712	715
712	717
712	823
712	839
712	869
712	884
713	817
713	823
713	826
713	873
714	718
714	836
715	835
715	839
715	857
715	875
715	899
716	798
716	848
716	850
717	825
718	772
718	825
719	841
719	894
720	733
720	743
720	785
720	857
720	873
720	879
721	727
721	740
721	744
721	746
721	751
721	762
721	766
721	781
721	791
721	803
721	809
721	828
721	838
721	875
721	877
722	750
722	752
722	765
722	792
722	836
722	857
722	899
723	744
723	747
723	773
723	801
723	807
723	855
723	888
724	728
724	736
724	757
724	774
724	779
724	782
724	800
724	806
724	808
724	819
724	861
724	894
725	729
725	731
725	738
725	763
725	776
725	790
725	799
725	816
725	848
725	860
726	736
726	743
726	748
726	760
726	769
726	780
726	803
727	748
727	767
727	769
727	781
727	786
727	787
727	788
728	731
728	758
728	782
728	799
728	850
728	865
728	870
729	738
729	759
729	777
729	784
729	786
729	802
729	804
729	806
729	860
730	736
730	749
730	756
730	774
730	777
730	783
730	785
730	787
730	791
730	813
730	881
730	899
731	760
731	776
731	778
731	789
732	739
732	746
732	774
732	793
732	797
732	825
732	837
732	846
733	734
733	745
733	760
733	762
733	770
733	838
733	873
733	878
733	889
734	745
734	754
734	781
734	786
734	803
734	806
734	863
735	739
735	740
735	753
735	765
735	791
735	792
735	793
735	801
735	809
735	820
735	853
735	899
736	744
736	747
736	748
736	762
736	773
736	795
736	797
736	802
736	806
736	807
736	840
736	858
737	740
737	743
737	766
737	772
737	778
737	780
737	791
737	794
737	797
737	806
737	848
738	751
738	758
738	765
738	802
738	839
739	742
739	758
739	768
739	779
739	784
739	786
740	749
740	762
740	783
740	791
740	800
740	803
740	806
740	819
740	822
741	742
741	743
741	752
741	753
741	760
741	764
741	785
741	786
741	789
741	797
741	803
741	841
742	749
742	760
742	763
742	769
742	777
742	798
742	801
743	754
743	762
743	771
743	804
744	746
744	751
744	755
744	765
744	772
744	780
744	782
744	783
744	805
744	814
744	892
745	749
745	775
745	794
745	810
746	761
746	768
746	773
746	778
746	805
746	812
746	876
746	892
747	763
747	791
747	796
748	757
748	758
748	778
748	791
748	804
748	844
748	873
748	896
749	759
749	766
749	768
749	779
749	784
749	797
749	800
749	804
749	833
750	758
750	787
750	796
750	803
750	809
750	859
751	762
751	769
751	772
751	777
751	779
751	782
751	793
751	797
751	807
751	810
752	757
752	771
752	773
752	799
752	802
752	803
753	773
753	774
753	775
753	784
753	788
754	755
754	760
754	778
754	783
754	784
754	786
754	788
754	789
754	898
755	763
755	778
755	805
755	837
756	765
756	768
756	776
756	795
756	801
756	805
756	854
756	875
757	767
757	770
757	778
757	787
757	803
757	835
757	850
757	860
757	888
758	808
758	882
759	771
759	787
759	795
759	796
760	777
760	784
760	785
760	869
760	890
761	770
761	774
761	779
761	794
761	803
761	807
761	842
761	855
762	774
762	776
763	767
763	772
763	778
763	785
763	804
763	828
763	874
764	768
764	769
764	786
764	804
764	808
764	821
764	863
764	881
765	774
765	775
765	795
765	804
765	807
765	808
765	823
766	771
766	773
766	774
766	783
766	785
766	789
766	790
766	796
766	808
766	869
766	879
766	898
767	768
767	783
767	787
767	860
767	876
768	780
768	804
768	810
768	821
768	872
769	770
769	772
769	773
769	780
769	786
769	790
769	798
770	810
770	840
771	774
771	787
771	796
771	797
772	779
772	781
772	794
772	803
772	816
772	869
773	782
773	785
773	803
773	804
773	809
773	813
773	824
774	784
774	791
774	793
774	794
774	882
775	787
775	797
775	806
775	822
775	831
775	871
775	892
775	893
776	799
776	876
776	892
777	781
777	793
777	796
777	809
777	887
778	787
778	788
778	792
778	801
778	807
778	847
778	894
779	800
780	791
780	800
780	841
780	880
781	803
781	819
781	836
781	871
782	785
782	794
782	811
782	862
782	863
782	891
782	893
782	896
783	784
783	796
783	802
783	866
784	824
784	833
784	838
784	846
785	792
785	794
785	818
786	791
786	793
786	794
787	830
788	807
788	818
788	834
789	826
789	877
790	808
790	894
791	792
791	797
791	854
791	859
792	831
792	835
792	878
792	879
792	897
793	802
793	873
794	821
794	859
794	894
795	796
795	797
795	802
795	805
795	846
795	859
795	861
795	872
796	801
796	808
796	825
797	802
797	863
798	803
798	804
798	819
798	836
798	842
798	847
798	850
798	861
798	879
799	801
799	803
799	825
799	841
799	865
800	801
801	843
802	804
802	809
802	818
802	827
802	830
803	805
803	822
803	832
804	809
804	869
805	831
805	889
806	862
806	878
807	876
808	870
809	827
809	870
810	816
810	824
810	825
810	847
810	860
810	883
810	887
810	890
810	893
810	895
810	898
811	824
811	825
811	832
811	838
811	844
811	858
811	859
811	867
811	870
811	885
811	888
812	814
812	829
812	831
812	841
812	844
812	853
812	859
812	865
812	871
812	885
812	897
813	820
813	827
813	841
813	850
813	851
813	884
813	895
814	831
814	858
814	880
814	888
814	899
815	817
815	840
815	860
815	872
815	889
816	834
816	847
816	885
817	827
817	836
817	856
817	889
817	897
818	822
818	825
818	842
818	861
818	863
818	865
818	870
819	822
819	842
819	846
819	857
819	873
819	879
820	837
820	841
820	845
820	863
820	868
820	877
820	878
820	879
820	885
820	890
821	831
821	841
821	845
821	849
821	856
821	870
821	875
821	891
822	846
822	856
822	864
822	870
822	876
822	889
822	893
823	828
823	834
823	857
823	858
823	859
823	860
823	875
823	876
824	842
824	857
824	883
825	841
825	861
825	862
825	868
825	870
825	873
825	876
825	881
825	890
825	899
826	829
826	832
826	859
826	866
826	871
826	877
826	891
826	893
827	831
827	833
827	840
827	841
827	862
827	869
827	881
827	888
828	831
828	832
828	839
828	854
828	872
828	876
828	881
829	839
829	879
830	851
830	868
830	871
830	879
831	842
831	854
831	855
831	857
831	872
831	874
831	887
831	897
831	898
832	855
832	874
832	886
832	893
833	847
833	853
833	870
833	888
833	892
833	896
833	898
834	837
834	868
835	840
835	891
835	893
836	847
836	883
836	892
836	898
837	844
837	893
838	841
838	849
838	851
838	858
838	867
838	877
838	879
838	891
839	862
839	876
839	892
839	893
839	896
840	841
840	869
840	871
840	897
841	844
841	851
841	855
841	858
841	872
841	877
842	844
842	850
842	871
843	856
843	868
844	855
844	871
844	874
844	876
844	898
845	869
845	873
845	888
846	860
846	867
846	881
846	888
847	852
847	855
847	870
847	893
848	891
848	896
849	853
849	854
849	855
849	873
849	881
849	885
849	898
850	875
850	886
850	897
851	853
851	858
851	889
851	890
851	891
851	896
852	857
852	867
852	868
852	887
852	889
853	859
853	865
853	885
854	866
854	871
854	883
854	885
855	856
856	898
857	860
857	867
857	873
857	882
857	885
857	892
858	860
858	868
858	873
858	874
858	884
858	892
858	893
858	897
859	862
859	874
859	880
859	881
859	882
859	897
860	862
860	867
860	875
860	878
860	885
860	898
861	862
861	879
861	891
861	899
862	883
863	872
863	876
864	866
864	867
864	872
864	890
865	871
866	871
866	874
866	883
866	888
867	871
867	874
867	876
867	882
867	890
867	893
867	897
868	872
868	876
868	879
868	897
869	871
869	872
869	881
869	885
869	890
869	896
869	899
870	876
870	895
871	897
871	899
872	876
872	882
872	897
873	875
873	878
873	886
873	890
874	881
874	882
874	891
875	889
876	883
876	889
876	894
876	899
877	897
878	879
878	883
878	887
879	881
879	892
881	882
881	885
881	891
881	895
883	885
883	894
883	896
884	887
885	890
885	895
886	889
886	891
888	893
888	897
888	899
889	893
889	898
890	894
891	894
891	899
895	899
897	899
