#	FromNodeId	ToNodeId0	7
0	10
0	16
0	28
0	32
0	33
0	44
0	68
0	88
0	97
0	116
0	236
0	510
0	977
0	986
1	4
1	46
1	70
1	89
1	116
1	139
1	509
2	16
2	38
2	50
2	66
2	68
2	80
2	85
2	86
2	121
2	124
2	135
2	137
2	865
3	7
3	19
3	43
3	67
3	68
3	83
3	91
3	95
4	9
4	16
4	18
4	23
4	24
4	25
4	62
4	82
4	103
4	116
4	118
4	119
4	122
4	129
4	856
4	917
5	21
5	27
5	42
5	63
5	70
5	81
5	88
5	121
5	141
6	55
6	62
6	94
6	110
6	111
6	125
7	8
7	47
7	52
7	63
7	76
7	82
7	87
7	90
7	115
7	129
7	134
7	551
7	648
7	993
8	24
8	40
8	48
8	66
8	96
8	105
8	434
8	466
9	17
9	30
9	49
9	65
9	69
9	74
9	98
9	127
9	599
9	619
9	977
10	31
10	45
10	80
10	98
10	138
10	987
11	19
11	46
11	78
11	102
11	105
11	109
11	140
12	13
12	25
12	26
12	38
12	89
12	103
12	113
12	116
12	125
12	128
12	865
12	918
13	22
13	24
13	57
13	117
13	125
13	135
13	138
13	140
13	141
14	39
14	41
14	45
14	56
14	65
14	90
14	103
14	107
14	118
14	870
14	993
15	17
15	26
15	29
15	33
15	36
15	56
15	94
15	124
15	658
15	946
16	48
16	60
16	82
16	85
16	91
16	100
16	110
16	900
16	934
17	19
17	45
17	46
17	49
17	58
17	67
17	70
17	92
17	118
17	130
17	853
17	944
18	27
18	47
18	55
18	69
18	82
18	88
18	96
18	99
18	134
18	874
19	21
19	30
19	41
19	54
19	56
19	66
19	102
20	65
20	136
20	468
20	881
21	55
21	71
21	107
21	130
21	861
21	904
21	908
22	29
22	33
22	36
22	76
22	97
22	130
22	577
23	39
23	40
23	44
23	54
23	57
23	79
23	90
23	93
23	106
23	108
23	112
23	114
23	131
23	263
23	879
23	986
24	29
24	40
24	49
24	50
24	56
24	61
25	52
25	56
25	60
25	72
25	73
25	127
25	136
25	137
25	141
26	88
26	109
26	118
26	131
26	135
26	136
26	931
26	935
27	30
27	32
27	35
27	62
27	64
27	68
27	71
27	81
27	89
27	97
27	101
27	107
27	111
27	118
27	119
27	128
27	886
27	890
28	65
28	92
28	112
28	126
28	905
28	915
28	918
28	942
29	41
29	52
29	60
29	70
29	74
29	95
29	113
29	118
29	127
29	886
30	40
30	69
30	80
30	92
30	139
30	664
30	668
30	694
30	977
31	39
31	62
31	71
31	79
31	83
31	127
31	132
31	656
31	907
32	40
32	51
32	52
32	61
32	84
32	87
32	94
32	99
32	101
32	133
33	57
33	102
33	115
33	116
33	139
33	856
34	53
34	71
34	77
34	79
34	867
35	36
35	38
35	42
35	47
35	49
35	51
35	68
35	77
35	82
35	83
35	97
35	114
35	123
35	137
35	820
35	971
36	48
36	55
36	68
36	75
36	92
36	97
36	141
36	869
36	881
37	58
37	112
37	116
37	123
37	125
37	932
38	45
38	95
38	141
38	271
38	625
38	681
39	64
39	100
39	101
39	113
39	131
39	132
39	927
39	931
40	57
40	88
40	125
40	697
40	737
40	910
41	51
41	89
41	124
41	127
41	887
42	52
42	61
42	72
42	79
42	81
42	607
42	951
43	45
43	60
43	69
43	92
43	95
43	108
43	109
43	117
43	131
43	133
43	214
44	48
44	50
44	59
44	81
44	83
44	94
44	98
44	102
44	109
44	110
44	120
44	134
44	657
44	878
45	46
45	81
45	85
45	87
45	92
45	106
45	121
45	128
45	863
46	97
46	98
46	117
46	125
46	129
46	138
46	468
46	623
46	658
46	937
46	960
47	48
47	94
47	120
47	121
47	495
47	607
47	641
47	955
48	65
48	69
48	90
48	103
48	592
48	659
48	957
49	64
49	65
49	82
49	91
49	115
49	122
49	553
49	598
49	626
49	679
49	841
50	54
50	60
50	75
50	78
50	99
50	106
50	125
50	127
50	133
50	140
50	885
51	93
51	94
51	131
51	468
52	71
52	72
52	86
52	98
52	99
52	110
52	127
52	141
53	78
53	80
53	82
53	83
53	89
53	97
53	117
53	137
53	904
54	82
54	83
54	139
54	269
54	679
55	63
55	109
55	124
55	599
55	890
56	63
56	71
56	75
56	92
56	107
56	114
56	124
56	128
56	133
56	911
57	81
57	87
57	88
57	108
57	119
58	60
58	68
58	69
58	103
58	107
58	116
58	570
58	916
58	942
59	67
59	77
59	81
59	129
59	132
59	136
60	67
60	81
60	97
60	102
60	113
60	114
60	126
60	132
60	133
60	138
60	606
60	674
61	84
61	93
61	94
61	107
61	110
61	138
61	698
62	71
62	99
62	114
63	80
63	82
63	95
63	102
63	139
64	98
64	124
64	134
64	918
65	105
65	114
65	474
66	89
66	104
66	127
66	130
66	131
66	138
66	757
66	950
67	71
67	72
67	103
67	124
67	133
67	645
67	683
67	970
68	78
68	90
68	92
68	128
68	875
69	133
69	647
69	913
69	959
70	76
70	113
70	125
70	529
70	639
70	684
71	75
71	76
71	98
71	109
71	115
72	86
72	88
72	117
72	118
72	128
73	76
73	129
73	135
73	137
73	194
73	689
73	937
74	121
74	593
74	854
74	886
75	107
75	111
75	134
75	141
75	239
76	109
76	115
76	138
76	141
76	899
77	78
77	79
77	104
77	129
77	138
77	218
78	91
78	95
78	111
78	112
78	118
78	121
78	570
78	584
79	95
79	124
79	136
79	951
80	85
80	94
80	130
80	132
80	870
81	90
81	96
81	135
81	936
81	957
82	122
82	251
83	97
83	135
83	692
84	114
84	130
84	141
84	567
84	971
85	91
85	94
85	101
85	121
85	138
86	126
86	128
86	506
86	701
86	863
88	103
88	107
88	111
88	130
88	633
89	98
89	101
89	104
89	115
89	117
89	118
89	138
90	136
91	96
91	109
91	114
91	115
91	117
91	124
91	127
91	573
91	910
92	114
92	119
92	127
92	136
92	244
93	114
93	136
94	106
94	109
94	124
94	129
94	137
95	106
95	122
95	578
96	105
96	108
96	110
96	117
96	119
96	560
96	887
97	102
97	121
98	118
98	880
99	105
99	112
99	114
99	118
99	122
99	139
99	663
99	932
100	112
100	125
100	131
100	474
100	901
100	953
101	107
101	110
101	111
102	104
102	115
102	136
102	138
102	566
102	901
103	114
103	117
103	129
103	131
103	956
104	130
104	138
104	644
105	602
105	658
105	675
106	134
106	692
107	113
107	139
108	112
108	658
108	982
109	134
109	137
109	139
110	114
110	116
110	918
111	124
111	129
111	140
111	654
111	864
112	114
112	132
112	573
112	662
113	120
113	137
113	282
113	579
113	702
113	912
114	652
114	880
114	987
115	131
115	592
116	124
116	621
116	640
117	279
118	124
118	137
118	279
118	482
118	515
118	637
119	897
120	125
120	127
120	131
120	922
121	140
121	959
122	132
122	567
122	932
123	493
123	873
124	135
124	637
124	657
124	709
125	126
125	135
125	781
125	872
126	644
127	138
127	882
129	131
130	139
130	229
131	139
131	475
131	586
131	633
131	928
132	489
132	981
133	558
133	597
134	139
134	865
134	926
135	925
136	139
136	279
136	569
136	898
136	917
137	655
138	139
138	700
139	140
139	890
139	926
139	986
140	634
141	524
142	176
142	189
142	190
142	192
142	200
142	216
142	226
142	237
142	258
142	282
142	309
142	397
142	693
143	149
143	181
143	192
143	202
143	203
143	213
143	251
143	253
143	396
143	576
143	965
144	150
144	170
144	186
144	190
144	192
144	212
144	264
144	403
145	150
145	158
145	171
145	198
145	199
145	224
145	240
145	243
145	247
145	250
145	253
145	277
145	415
146	150
146	170
146	173
146	189
146	205
146	221
146	256
146	260
146	263
146	274
146	275
146	348
147	181
147	212
147	214
147	220
147	239
147	241
147	245
147	260
147	267
147	275
147	298
147	660
147	667
148	153
148	166
148	169
148	174
148	186
148	196
148	224
148	251
148	263
148	297
148	312
149	162
149	177
149	203
149	213
149	226
149	249
149	283
150	186
150	187
150	202
150	208
150	215
150	222
150	265
150	272
150	370
151	163
151	215
151	223
151	229
151	244
151	254
151	269
151	279
151	282
151	290
152	161
152	168
152	185
152	215
152	226
152	236
152	240
152	269
152	327
153	155
153	163
153	175
153	181
153	201
153	211
153	212
153	224
153	237
153	247
153	252
153	530
154	178
154	203
154	206
154	231
154	244
154	263
154	291
154	674
155	172
155	178
155	225
155	236
155	269
155	293
156	173
156	198
156	217
156	270
156	311
156	366
157	160
157	172
157	213
157	243
157	278
157	283
157	355
158	181
158	208
158	219
158	233
158	238
158	241
158	258
158	259
158	261
158	280
159	227
159	237
159	246
159	249
159	258
159	260
159	269
160	188
160	190
160	200
160	244
160	253
160	254
160	255
160	262
160	282
160	350
161	185
161	189
161	190
161	203
161	227
161	266
161	361
161	676
162	164
162	182
162	237
162	246
162	258
162	270
162	273
162	274
162	280
162	328
162	447
162	643
163	181
163	183
163	195
163	208
163	213
163	225
163	240
163	254
163	255
163	272
163	273
163	282
163	389
164	180
164	185
164	190
164	199
164	219
164	225
164	226
164	233
164	270
164	271
164	353
164	442
165	184
165	210
165	236
165	240
165	273
165	468
165	563
166	176
166	189
166	196
166	200
166	202
166	206
166	208
166	224
166	227
166	243
166	253
166	256
166	274
166	275
166	692
167	172
167	177
167	191
167	223
167	227
167	234
167	241
167	256
167	269
167	333
167	405
168	191
168	192
168	204
168	206
168	208
168	253
168	264
168	481
168	525
169	234
169	239
169	242
169	368
170	197
170	200
170	208
170	212
170	226
170	236
170	255
170	257
170	276
170	278
170	325
171	173
171	175
171	189
171	206
171	214
171	217
171	220
171	238
171	243
171	261
171	282
172	220
172	226
172	238
172	244
172	248
172	251
172	255
172	262
172	293
172	310
172	329
172	574
173	177
173	182
173	183
173	244
173	261
173	268
173	274
173	280
174	190
174	208
174	220
174	236
174	241
174	303
174	480
175	240
175	249
175	252
175	271
175	489
175	647
175	677
176	182
176	215
176	217
176	224
176	235
176	251
176	266
176	270
176	361
176	403
176	520
177	186
177	220
177	234
177	260
178	187
178	211
178	217
178	229
178	238
178	243
178	264
178	276
178	281
178	314
178	385
178	418
178	542
179	187
179	188
179	213
179	224
179	226
179	240
180	186
180	215
180	231
180	249
180	262
180	272
180	277
180	283
181	183
181	203
181	216
181	235
181	242
181	266
181	279
181	381
182	199
182	220
182	238
182	281
183	208
183	223
183	229
183	299
183	336
184	205
184	207
184	218
184	227
184	228
184	232
184	252
184	259
184	277
184	279
184	281
184	595
185	196
185	223
185	246
185	263
185	267
185	272
185	304
185	402
186	196
186	197
186	199
186	201
186	266
186	273
186	275
186	357
187	188
187	199
187	223
187	248
187	265
187	277
187	283
187	294
187	361
187	552
188	197
188	200
188	216
188	262
188	342
189	192
189	258
189	325
189	421
190	196
190	203
190	219
190	222
190	226
190	236
190	240
190	260
190	269
191	206
191	211
191	224
191	232
191	242
191	262
191	349
192	199
192	262
192	269
193	196
193	199
193	210
193	212
193	218
193	224
193	227
193	236
193	271
193	275
193	416
194	198
194	199
194	212
194	213
194	387
195	206
195	208
195	226
195	234
195	246
195	247
195	255
195	257
195	267
195	278
195	318
195	377
196	217
196	262
196	264
196	346
197	234
197	238
197	247
197	259
197	276
198	204
198	219
198	227
198	232
198	249
198	262
198	270
199	218
199	255
199	271
200	208
200	209
200	248
200	249
200	262
200	265
201	205
201	223
201	248
201	260
202	207
202	264
202	269
202	290
202	330
203	225
203	236
203	242
203	260
204	221
204	234
204	248
204	255
204	259
204	289
204	700
205	224
205	245
205	257
205	261
205	268
206	258
206	275
206	277
207	232
207	242
207	268
207	269
207	273
207	282
207	401
207	499
208	217
208	242
208	252
208	264
208	292
208	370
208	430
208	545
208	617
209	219
209	246
209	267
209	271
209	338
209	362
209	414
209	581
210	254
210	525
210	561
211	354
212	221
212	241
212	243
212	275
212	276
212	362
212	564
213	214
213	242
213	264
213	548
214	226
214	231
214	250
214	256
214	257
214	268
214	270
215	222
215	239
215	244
215	246
215	252
215	256
215	296
215	441
216	221
216	227
216	233
216	237
216	244
216	252
216	314
216	378
217	224
217	225
217	240
217	254
217	258
217	259
217	269
217	286
217	325
218	243
218	265
218	281
218	320
218	390
219	234
219	241
219	261
219	279
219	333
219	434
219	525
219	628
220	251
220	283
220	372
220	373
220	504
221	230
221	234
221	253
221	277
221	283
221	635
222	230
222	239
222	247
222	259
222	321
222	354
222	488
223	235
223	240
223	241
223	244
223	254
223	400
223	423
224	235
224	242
224	253
224	402
224	680
225	271
225	273
226	231
226	232
226	236
226	264
226	277
226	282
226	572
227	228
227	246
227	266
227	284
228	229
228	237
228	253
228	262
228	265
229	268
229	280
229	364
229	569
229	573
229	684
230	259
230	269
230	286
231	238
231	256
231	258
231	280
231	425
232	241
232	246
232	247
232	252
232	258
232	462
233	422
234	258
234	278
234	700
235	240
235	268
235	274
235	418
236	249
236	267
236	274
236	281
236	582
237	281
237	343
237	386
237	540
238	376
238	390
238	548
238	623
239	248
239	270
239	381
239	402
239	421
240	243
240	253
240	269
240	303
241	247
241	248
241	259
241	274
241	532
241	668
242	245
242	273
243	247
243	260
244	263
244	267
244	271
244	282
244	307
244	366
245	282
245	322
246	247
246	257
246	263
246	271
246	272
246	309
246	358
247	258
247	259
247	260
247	267
247	337
247	552
247	559
247	660
248	261
248	262
248	270
250	276
250	316
250	556
251	258
251	313
251	356
251	565
251	660
252	271
252	276
252	282
252	375
253	279
253	395
254	265
254	272
254	371
254	597
255	263
255	283
255	338
255	370
256	264
256	266
257	259
257	260
257	264
257	267
257	272
257	311
257	423
258	261
258	277
258	405
259	266
259	273
259	425
259	884
260	268
261	268
261	408
261	504
262	270
262	324
262	342
262	344
262	372
263	266
264	273
264	538
265	278
265	426
266	268
266	295
266	355
266	585
267	281
268	273
268	275
269	273
269	275
269	276
269	323
270	281
271	279
271	326
271	414
271	570
272	283
272	304
272	384
272	650
272	861
273	281
273	346
273	369
275	278
275	281
275	519
278	281
278	387
278	420
279	490
279	681
279	708
280	327
280	347
281	523
282	334
282	370
283	339
284	299
284	303
284	335
284	362
284	367
284	371
284	373
284	374
284	378
284	409
284	417
284	424
285	311
285	352
285	367
285	372
285	379
285	404
285	409
285	413
286	305
286	309
286	330
286	335
286	347
286	353
286	376
286	386
286	405
286	411
286	415
286	421
286	424
286	649
286	950
287	297
287	340
287	341
287	356
287	406
287	600
287	665
288	299
288	302
288	310
288	312
288	325
288	327
288	333
288	369
288	389
288	404
288	407
288	420
288	674
289	318
289	328
289	351
289	364
289	424
289	699
290	304
290	309
290	319
290	320
290	327
290	329
290	337
290	347
290	366
290	387
290	390
290	393
290	402
290	650
290	866
291	304
291	315
291	320
291	326
291	350
291	396
291	399
291	412
291	962
292	295
292	298
292	318
292	336
292	361
292	418
292	588
292	988
293	305
293	307
293	309
293	321
293	348
293	351
293	395
293	401
293	416
293	420
293	665
293	935
294	298
294	324
294	347
294	348
294	353
294	376
294	378
294	388
294	409
294	414
294	425
295	298
295	315
295	353
295	363
295	373
295	384
295	398
295	409
296	327
296	355
296	356
296	369
296	377
296	387
297	335
297	336
297	345
297	347
297	356
297	374
297	381
297	384
297	421
297	600
297	709
298	314
298	330
298	333
298	342
298	406
298	408
298	421
298	582
298	648
299	316
299	324
299	335
299	343
299	352
299	362
299	365
299	380
299	393
299	409
299	411
299	419
300	311
300	340
300	354
300	359
300	374
300	707
301	305
301	320
301	324
301	325
301	343
301	350
301	363
301	385
301	390
301	414
301	643
302	318
302	324
302	349
302	369
302	377
302	395
302	400
303	332
303	394
304	308
304	329
304	360
304	381
304	391
304	419
305	335
305	339
305	349
305	370
305	372
305	384
305	415
305	419
305	421
306	329
306	335
306	353
306	359
306	364
306	385
306	388
306	420
306	574
307	321
307	328
307	351
307	363
308	311
308	326
308	331
308	340
308	345
308	352
308	354
308	357
308	385
308	574
308	661
308	940
309	335
309	336
309	341
309	368
309	400
310	323
310	332
310	334
310	350
310	392
310	401
310	408
310	411
310	418
310	422
310	684
311	336
311	337
311	340
311	343
311	355
311	356
311	364
311	373
311	390
311	398
311	411
311	413
311	419
311	423
312	317
312	330
312	359
312	650
313	331
313	335
313	364
313	395
313	410
313	417
313	420
313	585
314	352
314	391
314	395
314	604
315	325
315	340
315	355
315	361
315	407
315	424
316	323
316	329
316	358
316	382
316	388
317	356
317	382
317	397
317	398
317	402
317	408
317	412
318	319
318	337
318	354
318	362
318	372
318	379
318	391
318	663
319	342
319	362
319	369
319	370
319	379
319	381
319	383
319	393
319	406
320	322
320	330
320	338
320	344
320	353
320	371
320	382
320	405
320	413
320	425
320	579
320	750
321	328
321	348
321	396
321	401
321	614
322	336
322	343
322	345
322	368
322	371
322	374
322	398
322	658
323	349
323	353
323	362
323	379
323	397
323	405
323	411
323	416
324	332
324	333
324	360
324	376
324	379
324	390
324	392
324	402
324	404
324	408
324	417
325	335
325	385
325	389
325	395
325	417
325	423
326	339
326	340
326	341
326	343
326	362
326	380
326	409
326	415
326	688
326	692
327	338
327	340
327	366
327	376
328	370
328	394
328	400
328	402
328	413
328	418
328	422
329	333
329	338
329	354
329	364
329	376
329	410
329	416
329	419
329	424
329	608
330	340
330	391
330	393
330	416
330	419
331	337
331	341
331	345
331	348
331	350
331	356
331	382
331	386
331	407
331	416
331	590
331	678
332	354
332	368
332	406
332	415
333	347
333	348
333	354
333	377
333	404
333	415
333	417
333	609
334	348
334	381
334	407
334	413
334	707
335	346
335	355
335	362
335	376
335	418
335	420
336	382
336	383
336	391
336	394
336	408
336	423
337	391
337	396
337	398
337	400
337	417
338	349
338	368
338	372
338	385
338	386
338	407
338	410
338	420
338	574
338	637
339	346
339	358
339	359
339	368
339	408
340	360
340	361
340	364
340	388
340	400
340	402
340	424
341	343
341	371
341	377
341	397
341	406
341	419
341	423
341	605
341	626
342	346
342	364
342	375
342	381
342	396
342	397
342	419
342	425
343	346
343	347
343	353
343	362
343	366
343	405
343	416
344	350
344	375
344	381
344	384
344	393
344	413
344	416
344	642
345	346
345	347
345	360
345	362
345	367
345	376
345	403
345	407
345	410
345	422
345	425
346	347
346	351
346	412
347	348
347	351
347	358
347	387
348	362
348	385
348	413
349	351
349	365
349	373
349	396
349	416
350	362
350	370
350	386
350	430
351	367
351	375
351	401
351	405
352	355
352	369
352	387
352	412
352	704
353	356
353	384
353	391
353	392
353	419
353	685
353	695
353	992
354	358
354	373
354	412
354	675
354	689
355	360
355	365
355	379
355	408
355	411
355	423
356	365
356	379
356	382
356	390
356	395
356	401
356	618
357	366
357	407
357	626
358	405
358	413
358	660
359	368
359	386
359	400
359	417
360	366
360	379
360	388
361	395
361	397
361	413
362	400
362	408
362	417
362	420
363	402
363	465
363	570
364	389
364	414
364	423
366	368
366	373
366	377
366	414
366	614
368	374
368	376
368	377
368	378
368	395
368	415
368	419
368	423
368	627
368	681
368	705
369	383
369	684
369	915
370	406
370	617
371	379
371	395
371	406
371	942
372	374
372	403
372	406
372	654
373	385
373	403
373	412
373	422
374	386
374	600
374	667
375	376
375	380
375	396
375	410
375	419
375	489
376	407
376	415
376	418
377	384
377	415
378	385
378	388
378	408
378	414
378	662
379	380
379	385
379	390
379	405
380	384
380	395
380	425
380	931
381	383
381	394
381	397
381	411
381	414
381	416
381	421
382	406
382	408
382	418
382	424
382	573
383	397
383	411
383	420
384	402
384	406
384	407
385	392
386	395
386	406
387	389
387	650
388	393
388	401
388	402
389	412
390	412
390	607
391	395
391	405
391	416
391	622
391	680
392	402
392	577
393	408
394	418
394	672
395	398
395	421
396	401
396	424
397	417
399	410
399	606
400	424
401	406
401	415
402	420
403	406
403	409
404	662
405	407
406	410
406	413
407	411
407	423
409	861
410	415
410	424
411	414
411	704
412	420
413	417
413	421
413	668
414	579
415	416
415	699
415	862
417	425
417	605
418	421
418	422
419	421
419	588
420	421
420	424
424	425
426	435
426	460
426	471
426	488
426	509
426	554
426	829
427	450
427	470
427	510
427	514
427	522
427	525
427	545
427	550
428	432
428	445
428	528
428	535
428	541
428	550
428	554
428	561
428	777
429	458
429	460
429	482
429	493
429	506
430	440
430	487
430	522
430	530
430	544
430	745
430	780
431	445
431	455
431	468
431	471
431	472
431	507
431	513
431	552
431	561
431	563
431	567
431	733
432	453
432	465
432	480
432	491
432	520
432	523
432	532
432	553
432	556
432	569
432	710
432	772
432	822
433	438
433	444
433	479
433	485
433	496
433	527
433	534
433	541
433	548
433	555
434	446
434	467
434	485
434	506
434	540
434	548
434	566
434	681
435	457
435	460
435	485
435	498
435	518
435	527
435	547
436	441
436	443
436	453
436	461
436	462
436	499
436	502
436	551
437	449
437	456
437	475
437	497
437	560
437	567
438	470
438	473
438	479
438	510
438	517
438	534
438	540
438	546
438	566
439	484
439	502
439	566
439	849
440	445
440	532
440	536
440	538
440	546
440	547
440	562
441	447
441	448
441	456
441	457
441	458
441	459
441	469
441	478
441	492
441	493
441	494
441	506
441	519
441	545
441	558
442	453
442	467
442	474
442	511
442	525
442	541
442	546
442	549
443	445
443	468
443	470
443	498
443	500
443	553
443	663
443	817
444	456
444	463
444	490
444	491
444	501
444	512
444	523
444	531
444	552
445	456
445	459
445	496
445	524
445	557
446	480
446	498
446	500
446	513
446	514
446	522
446	528
446	529
446	540
446	558
446	559
446	562
446	564
447	451
447	455
447	469
447	473
447	478
447	523
447	526
448	482
448	484
448	500
448	506
448	510
448	722
448	795
449	456
449	492
449	502
449	536
449	548
449	550
449	553
449	566
449	577
449	685
449	808
449	845
450	455
450	462
450	488
450	489
450	508
450	545
450	546
450	766
450	826
451	484
451	487
451	504
451	532
451	550
451	564
451	804
452	454
452	465
452	487
452	503
452	506
452	512
452	517
452	546
452	561
452	714
452	762
453	465
453	485
453	515
453	516
453	533
453	682
453	740
453	833
454	463
454	496
454	521
454	525
454	562
454	563
454	565
454	694
455	463
455	472
455	483
455	503
455	507
455	509
455	518
455	552
455	785
456	471
456	475
456	478
456	489
456	496
456	545
456	793
457	464
457	475
457	489
457	517
457	553
457	562
457	565
457	718
458	460
458	471
458	482
458	498
458	523
458	526
458	532
458	535
458	547
458	554
458	559
458	563
458	768
458	802
459	469
459	483
459	498
459	503
459	514
459	542
459	543
459	547
460	475
460	487
460	501
460	504
460	513
460	528
460	543
460	553
460	555
460	566
460	754
460	851
461	462
461	484
461	487
461	506
461	508
461	525
461	549
461	765
462	484
462	488
462	503
462	546
462	566
463	477
463	482
463	514
463	515
463	525
463	535
463	539
463	550
463	555
464	473
464	475
464	498
464	523
464	536
464	538
464	544
464	777
464	797
464	843
465	468
465	514
465	801
466	525
466	554
467	472
467	478
467	483
467	487
467	491
467	506
467	550
467	553
467	555
467	562
467	566
467	648
468	509
468	543
468	552
468	555
468	580
469	474
469	479
469	496
469	512
469	536
469	544
469	556
469	667
469	804
470	488
470	521
470	523
470	545
470	771
470	792
470	802
471	496
471	506
471	512
471	525
471	530
471	546
471	547
471	558
471	672
472	481
472	487
472	489
472	499
472	506
472	546
472	554
472	758
473	488
473	494
473	520
473	543
473	550
473	555
473	559
473	760
473	779
474	483
474	485
474	494
474	496
474	780
474	787
474	843
475	494
475	495
475	510
475	523
475	530
475	533
475	544
475	558
475	565
476	482
476	484
476	485
476	497
476	526
476	538
476	544
476	561
476	710
476	850
477	479
477	506
477	561
478	484
478	491
478	499
478	500
478	503
478	510
478	521
478	528
478	751
479	480
479	509
479	525
479	566
480	481
480	496
480	499
480	520
480	538
480	544
480	567
481	496
481	510
481	511
481	524
481	536
481	552
481	554
481	559
481	726
481	831
481	845
482	484
482	488
482	491
482	505
482	513
482	522
482	531
482	532
482	539
482	541
482	549
482	719
482	760
483	487
483	497
483	508
483	532
483	534
483	535
483	555
483	823
484	494
484	504
484	506
484	510
484	515
484	541
484	543
484	565
484	832
484	847
485	495
485	498
485	818
485	888
486	514
486	525
486	555
486	648
487	489
487	491
487	507
487	529
487	539
487	553
487	558
488	496
488	502
488	541
488	545
488	547
488	552
488	557
488	562
488	816
489	498
489	527
489	535
489	539
489	550
489	558
489	662
489	734
489	766
490	504
490	505
490	514
490	518
490	526
490	532
490	714
490	825
491	510
491	519
491	528
491	559
492	498
492	512
492	538
492	543
492	552
493	529
493	530
493	531
493	565
494	506
494	508
494	512
494	513
494	524
494	545
494	745
494	815
495	496
495	512
495	515
495	522
495	557
496	501
496	516
496	517
496	521
496	529
496	535
496	536
496	545
496	547
496	811
497	506
497	514
497	516
497	518
497	522
497	543
497	567
498	504
498	552
498	556
498	820
499	501
499	517
499	535
499	556
499	565
499	566
499	662
499	666
499	735
500	515
500	519
500	522
500	537
500	547
500	549
501	526
501	538
501	556
501	796
502	514
502	518
502	533
502	598
502	795
503	518
503	529
503	532
503	544
503	545
503	562
503	605
503	613
504	514
504	557
504	559
504	563
504	789
505	530
505	553
505	556
506	512
506	547
507	616
508	509
508	546
508	601
508	843
509	520
509	539
509	566
510	561
510	565
511	537
511	551
511	774
511	839
512	518
512	529
512	530
512	556
512	632
512	635
512	795
513	544
513	736
514	527
514	566
514	567
515	524
515	536
515	537
515	551
516	538
516	542
516	565
517	518
517	519
517	526
517	530
517	535
517	540
517	541
517	565
517	759
518	530
519	521
519	527
519	550
519	738
520	561
520	563
520	782
521	526
521	532
521	546
521	822
521	842
522	526
522	532
522	536
523	530
523	540
523	543
523	560
524	533
524	540
524	557
524	721
524	801
524	819
525	529
525	532
525	542
525	829
526	544
526	548
526	552
526	761
526	835
527	529
527	562
528	529
528	792
529	544
529	567
529	743
529	796
529	816
529	817
529	818
530	548
530	555
530	556
531	555
531	721
531	827
532	547
532	553
532	697
533	556
534	535
534	554
534	807
535	561
535	752
535	804
536	557
537	551
537	554
537	566
537	650
537	710
538	546
538	561
538	562
538	565
539	545
539	550
539	598
539	699
539	760
539	771
541	543
541	553
541	563
541	618
542	561
543	551
543	555
543	744
543	830
545	549
545	676
545	701
546	712
548	552
548	560
548	767
549	558
550	555
550	556
550	715
550	818
551	758
551	845
552	560
552	710
552	742
552	769
553	556
554	626
554	662
555	566
555	722
556	566
556	656
557	567
557	765
557	773
558	622
558	749
559	563
559	802
559	806
559	839
560	566
560	567
562	563
562	713
563	818
564	604
565	566
565	634
565	725
568	590
568	595
568	600
568	611
568	631
568	692
568	694
568	901
569	579
569	585
569	589
569	593
569	612
569	650
569	664
570	589
570	661
570	666
570	695
570	702
571	581
571	592
571	608
571	613
571	624
571	656
571	679
572	575
572	579
572	582
572	605
572	616
572	630
572	689
572	698
572	708
573	580
573	588
573	594
573	600
573	677
573	693
574	577
574	608
574	610
574	611
574	684
574	698
575	576
575	593
575	599
575	626
575	648
575	657
575	669
575	688
575	697
575	706
576	599
576	611
576	615
576	638
576	646
576	652
576	674
576	692
576	696
576	704
576	708
577	592
577	600
577	668
577	689
577	702
577	709
578	582
578	600
578	638
578	639
578	640
578	652
578	680
578	682
578	704
579	595
579	602
579	617
579	628
579	648
579	683
579	685
580	584
580	625
580	634
580	645
580	685
581	606
581	610
581	643
581	647
581	652
581	654
581	657
581	669
581	692
581	694
581	704
581	708
582	591
582	614
582	658
582	668
582	673
582	691
582	702
582	709
583	597
583	598
583	605
583	617
583	643
583	652
583	656
583	674
583	685
583	695
583	701
584	596
584	603
584	608
584	659
584	667
585	588
585	598
585	599
585	602
585	615
585	619
585	656
585	669
585	684
585	689
585	702
586	601
586	614
586	669
586	670
586	684
586	698
587	596
587	606
587	617
587	629
587	637
587	651
587	668
588	610
588	611
588	651
588	653
588	680
588	707
589	617
589	618
589	636
589	637
589	639
589	651
589	689
589	693
589	695
589	696
589	697
590	595
590	601
590	609
590	619
590	622
590	629
590	661
590	677
590	699
591	607
591	613
591	623
591	624
591	632
591	645
591	657
591	674
591	679
591	683
591	690
591	709
592	600
592	617
592	639
592	644
592	652
592	661
592	670
592	671
592	677
592	682
592	692
592	695
592	757
593	600
593	601
593	604
593	609
593	615
593	657
593	658
593	670
593	676
593	685
593	693
594	616
594	621
594	629
594	649
594	654
594	659
594	681
594	704
594	709
595	624
595	636
595	641
595	661
595	683
595	689
596	602
596	605
596	628
596	642
596	687
597	603
597	604
597	606
597	623
597	626
597	641
597	642
597	650
597	655
597	656
597	691
597	692
598	605
598	656
598	670
598	672
599	611
599	628
599	646
599	647
599	658
599	669
599	679
599	683
599	817
600	610
600	643
600	663
600	666
600	695
600	703
601	603
601	637
601	652
601	658
602	610
602	618
602	619
602	666
602	684
602	690
602	698
603	614
603	620
603	644
603	652
603	677
603	693
603	699
604	642
604	649
604	688
604	697
605	615
605	627
605	634
605	637
605	660
605	669
605	676
605	693
606	625
606	630
606	654
606	681
606	685
607	609
607	622
607	626
607	647
607	662
607	674
607	677
607	694
607	699
608	630
608	637
608	641
608	660
608	678
608	688
608	705
608	709
609	623
609	630
609	658
609	668
609	675
609	681
610	645
610	663
610	687
610	894
611	615
611	617
611	619
611	623
611	633
611	635
611	637
611	647
611	650
611	655
611	660
611	667
611	673
611	683
611	703
612	615
612	635
612	663
612	701
613	614
613	637
613	682
613	693
613	706
614	657
614	664
614	671
614	682
614	709
615	621
615	633
615	639
615	644
615	651
615	668
616	632
616	650
616	665
616	706
616	707
616	708
617	661
617	673
617	682
617	684
617	687
618	619
618	626
618	631
618	635
618	648
618	653
618	686
618	687
618	691
618	704
618	708
618	871
619	620
619	653
619	671
619	679
619	707
620	633
620	655
620	659
620	703
621	637
621	644
621	653
621	661
621	689
621	701
622	626
622	644
622	684
622	688
622	690
622	699
622	701
622	704
622	707
623	647
623	649
623	651
623	663
623	671
623	674
623	705
625	629
625	636
625	679
625	684
625	704
626	642
626	704
627	635
627	645
627	661
627	666
627	668
627	679
627	702
628	650
628	658
628	666
628	680
628	700
629	636
629	638
629	641
629	658
629	661
629	680
630	635
630	654
630	661
630	697
630	777
631	632
631	649
631	663
631	671
631	690
632	637
632	647
632	668
632	679
632	686
632	689
633	674
633	690
633	694
633	700
634	641
634	647
634	670
634	704
635	641
635	662
635	676
635	695
636	646
636	651
636	654
636	658
636	664
636	678
636	689
636	693
637	638
637	648
637	676
637	698
637	701
637	702
638	642
638	648
638	650
638	655
638	662
638	674
638	675
639	668
639	679
639	707
640	663
640	689
640	692
640	701
641	654
641	666
641	677
641	689
641	693
641	703
642	663
642	669
642	684
642	687
642	694
643	667
643	693
643	703
644	647
644	684
644	687
645	649
645	664
645	669
645	679
645	688
645	690
646	689
646	699
646	709
647	649
647	650
647	684
648	651
648	663
648	685
648	695
648	701
649	691
649	700
649	709
650	655
650	671
650	673
650	674
650	677
650	702
650	706
651	654
651	659
651	679
651	681
651	685
651	700
652	658
652	680
652	698
652	704
652	709
652	894
653	669
653	706
654	660
654	702
654	703
655	686
655	697
655	703
655	704
656	667
656	688
656	705
657	659
657	661
658	685
658	701
658	708
660	666
660	683
660	695
662	663
662	669
662	671
662	702
663	664
663	685
664	675
664	686
664	691
665	670
666	684
667	675
667	696
667	697
667	701
667	904
668	692
669	675
669	677
669	686
669	693
670	676
670	685
670	699
670	706
671	680
671	697
672	673
672	677
672	687
672	692
672	696
672	705
673	683
673	686
673	696
673	701
674	695
674	701
676	708
677	707
678	699
679	685
679	687
680	700
681	683
681	701
682	708
682	986
683	706
683	708
683	709
684	702
685	709
686	695
687	705
688	691
688	866
689	690
690	706
691	700
691	706
693	702
694	706
697	698
698	703
698	706
700	705
702	703
702	708
703	706
704	706
710	711
710	745
710	776
710	778
710	792
710	796
710	820
710	826
710	839
710	840
710	848
710	890
710	917
710	931
711	778
711	791
711	806
711	822
711	838
712	713
712	749
712	761
712	762
712	777
712	806
712	822
712	835
712	910
713	765
713	772
713	774
713	785
713	789
713	793
713	798
713	839
713	845
713	847
713	894
714	715
714	753
714	762
714	767
714	771
714	775
714	787
714	790
714	821
714	830
714	957
715	729
715	747
715	749
715	774
715	798
715	806
715	818
715	833
715	834
715	835
716	721
716	738
716	741
716	754
716	782
716	788
716	798
716	815
716	834
716	841
716	848
717	724
717	779
717	823
717	825
718	764
718	775
718	776
718	804
718	806
718	807
718	809
718	813
718	814
718	823
718	828
718	867
718	869
718	894
719	724
719	743
719	767
719	783
719	800
719	807
719	812
719	817
719	849
719	896
719	925
719	940
720	751
720	758
720	784
720	796
720	804
720	835
720	838
720	846
720	850
721	748
721	781
721	787
721	802
721	804
721	829
721	832
721	841
721	850
722	726
722	729
722	739
722	746
722	757
722	761
722	768
722	771
722	778
722	788
722	804
723	743
723	747
723	761
723	762
723	820
723	824
723	844
723	861
723	983
724	726
724	764
724	775
724	786
724	795
724	829
724	840
724	850
725	738
725	758
725	760
725	806
725	812
725	815
725	839
726	727
726	733
726	745
726	759
726	780
726	801
727	728
727	739
727	767
727	787
727	829
727	836
727	838
727	845
727	942
728	737
728	746
728	749
728	752
728	784
729	750
729	827
730	731
730	734
730	742
730	759
730	774
730	803
730	824
730	836
730	845
731	743
731	774
731	779
731	788
731	813
731	826
731	847
731	908
732	761
732	779
732	812
732	816
732	845
733	739
733	760
733	776
733	781
733	786
733	800
733	818
733	835
733	837
734	738
734	762
734	771
734	785
734	788
734	795
734	798
734	841
734	934
734	981
735	750
735	765
735	767
735	776
735	799
735	800
735	802
735	810
735	825
735	847
735	885
736	744
736	748
736	749
736	788
736	813
736	819
736	831
736	838
736	847
736	849
736	850
736	863
737	744
737	762
737	774
737	792
737	802
737	814
737	816
737	825
737	829
737	834
737	897
738	754
738	759
738	789
738	800
738	802
738	834
738	849
738	869
739	744
739	746
739	781
739	799
739	804
739	825
739	834
739	845
739	850
739	926
739	952
739	959
740	774
740	783
740	785
740	792
740	816
740	824
740	848
741	747
741	776
741	777
741	784
741	832
741	841
741	851
742	750
742	759
742	761
742	789
742	790
742	793
742	835
742	836
743	751
743	785
743	791
743	797
743	800
743	808
743	833
743	844
743	890
743	953
744	776
744	786
744	789
744	799
744	841
745	766
745	814
745	819
745	829
745	830
745	931
746	758
746	764
746	770
746	818
746	823
746	846
746	848
747	764
747	782
747	793
747	812
747	831
748	750
748	753
748	770
748	782
748	784
748	811
748	848
748	850
749	755
749	787
749	794
749	829
750	756
750	780
750	789
750	798
750	816
750	826
750	830
751	759
751	763
751	778
751	786
751	830
751	834
751	839
752	763
752	774
752	795
752	802
752	825
752	839
752	840
753	774
753	783
753	797
753	824
753	843
753	911
753	933
754	780
754	791
754	796
754	799
754	809
754	855
755	762
755	772
755	777
755	798
755	809
755	817
755	822
755	824
755	831
755	845
755	850
755	943
755	948
755	993
756	774
756	776
756	790
756	839
757	762
757	769
757	795
757	796
757	817
757	825
757	841
757	842
757	847
758	779
758	796
758	806
758	849
759	783
759	814
759	826
759	834
759	842
760	770
760	776
760	784
760	808
760	817
760	830
760	959
761	769
761	773
761	779
761	786
761	789
761	827
761	829
761	915
762	764
762	776
762	811
762	843
762	851
762	899
763	774
763	776
763	792
763	798
763	816
763	819
763	833
763	888
764	767
764	797
764	808
764	842
765	796
765	800
765	806
765	809
765	831
766	820
766	832
767	814
767	824
767	843
767	846
768	772
768	779
768	788
768	797
768	800
768	817
768	823
768	824
769	783
769	792
769	836
769	843
769	845
770	785
770	788
770	813
770	817
770	821
770	822
770	837
771	790
771	805
771	830
771	832
771	834
771	871
772	773
772	789
772	801
772	830
772	837
772	842
772	929
773	813
773	822
773	835
773	851
773	876
774	789
774	798
774	819
774	836
774	847
775	780
775	798
775	813
775	817
775	835
775	839
775	842
775	849
776	779
776	789
776	807
776	816
776	819
776	821
777	820
777	826
777	833
777	836
778	786
778	842
778	846
778	850
778	887
778	937
779	788
779	789
779	810
779	823
780	799
780	803
780	811
780	841
780	846
780	980
781	821
781	828
781	829
782	797
782	825
782	826
782	829
782	838
782	850
783	794
783	805
783	847
783	850
784	795
784	806
785	796
785	826
785	848
785	950
786	818
786	820
786	829
786	833
786	846
786	934
787	806
787	825
787	960
788	916
789	815
789	850
789	872
790	808
790	826
790	828
790	837
790	840
790	939
791	834
791	836
791	839
791	840
791	846
791	877
791	942
793	842
793	846
794	801
794	813
794	814
794	816
794	847
794	848
795	831
796	805
796	813
796	814
796	822
796	834
796	841
796	908
797	804
797	809
797	811
797	821
797	839
798	811
798	819
798	827
798	835
798	848
798	865
799	802
799	842
800	808
800	818
800	824
800	912
801	806
801	825
801	827
801	895
801	944
802	810
802	812
802	825
802	830
802	841
803	834
803	869
803	909
804	827
804	829
804	838
804	842
804	947
805	833
805	837
805	842
805	849
806	813
806	825
806	892
807	811
807	815
807	837
807	845
808	822
809	825
810	850
811	847
812	821
812	832
812	839
812	953
813	849
813	926
813	944
814	828
814	838
814	846
815	833
815	836
815	846
815	851
816	833
816	842
816	851
816	955
817	823
817	840
818	838
818	899
819	823
819	824
819	826
819	832
819	833
819	867
819	903
820	825
820	846
820	850
820	918
820	947
820	992
821	828
821	839
821	851
821	867
821	985
822	845
822	851
823	827
823	885
824	833
824	838
824	874
824	879
825	834
826	832
826	901
827	837
827	842
828	839
829	830
829	868
830	842
830	845
830	882
831	838
831	839
831	842
831	851
831	888
832	846
832	851
833	840
833	964
834	837
834	841
835	847
835	903
836	914
837	839
837	844
837	971
838	848
838	908
838	941
839	857
841	850
841	851
843	846
844	847
844	850
844	873
845	851
846	932
847	862
847	897
847	902
848	891
852	856
852	862
852	869
852	885
852	886
852	909
852	914
852	930
852	937
852	961
852	971
852	988
853	880
853	888
853	908
853	923
853	931
853	937
853	944
853	948
853	982
854	862
854	878
854	910
854	925
854	957
854	993
855	866
855	873
855	883
855	892
855	905
855	914
855	924
855	932
855	944
856	861
856	866
856	877
856	892
856	924
856	976
856	980
857	858
857	870
857	884
857	924
857	931
857	951
858	870
858	891
858	921
858	925
858	961
858	963
858	968
859	898
859	929
859	930
859	931
859	957
859	965
859	974
859	993
860	892
860	912
860	914
860	930
860	943
860	961
860	972
860	976
860	980
860	986
861	867
861	869
861	873
861	891
861	910
861	934
861	991
862	875
862	883
862	884
862	889
862	899
862	924
862	933
862	941
862	946
862	968
862	969
862	982
863	869
863	896
863	901
863	924
863	941
864	867
864	884
864	896
864	904
864	909
864	924
864	930
864	939
864	984
865	870
865	876
865	880
865	882
865	908
865	932
865	941
865	949
865	960
865	970
865	984
866	881
866	892
866	904
866	908
866	935
866	955
867	888
867	890
867	907
867	915
867	957
867	967
868	869
868	876
868	882
868	886
868	889
868	907
868	927
868	946
868	950
868	959
868	960
868	962
868	966
868	970
868	984
868	986
869	892
869	927
869	929
869	941
869	961
869	983
870	886
870	901
870	902
870	932
870	952
870	965
871	894
871	958
871	968
871	974
871	977
871	981
872	875
872	900
872	917
872	919
872	930
872	965
873	879
873	894
873	900
873	923
873	929
873	934
873	940
873	952
873	958
873	962
873	978
874	880
874	889
874	902
874	907
874	912
874	935
874	965
874	977
874	978
874	981
874	984
874	991
874	992
875	888
875	900
875	906
875	939
875	948
875	949
876	878
876	894
876	911
876	918
876	927
876	938
876	955
876	958
876	974
876	990
877	882
877	906
877	916
877	926
877	945
877	946
877	963
877	986
878	890
878	920
878	937
879	882
879	907
879	950
879	957
879	970
879	975
879	978
880	900
880	902
880	905
880	915
880	921
880	929
880	937
880	950
880	951
880	983
881	883
881	916
881	917
881	928
881	935
881	946
881	950
881	957
881	982
881	986
881	989
882	897
882	912
882	928
882	929
882	950
882	959
882	985
883	909
883	927
883	946
883	955
883	966
883	967
883	983
884	888
884	902
884	914
884	925
884	951
884	984
885	928
885	932
885	948
885	989
885	991
886	887
886	900
886	903
886	908
886	928
886	931
886	947
886	957
886	972
886	975
887	899
887	905
887	931
887	940
887	971
887	978
887	985
887	986
887	990
888	926
888	927
888	941
888	988
888	991
889	930
889	932
889	989
890	897
890	940
890	987
891	924
891	929
891	941
892	909
892	931
892	936
892	944
892	963
893	926
893	938
893	986
894	895
894	905
894	917
894	918
894	924
894	943
894	959
894	977
895	898
895	913
895	918
895	923
895	928
895	936
895	952
895	960
895	980
896	917
896	920
896	990
897	898
897	903
897	904
897	913
897	917
897	922
897	923
897	936
898	909
898	945
898	951
898	956
898	972
898	984
899	917
899	920
899	924
899	930
899	952
899	957
899	959
899	976
899	992
900	916
900	920
900	933
900	937
900	938
900	949
900	952
900	961
900	964
900	970
900	971
900	984
901	945
901	957
901	960
901	966
901	977
901	981
902	904
902	910
902	924
902	968
902	984
903	926
903	959
903	988
904	912
904	933
904	938
904	945
904	947
904	959
904	977
905	909
905	935
905	940
905	952
905	953
905	959
905	987
905	989
906	912
906	914
906	930
907	955
907	961
907	966
907	967
907	977
907	979
908	914
908	921
909	957
909	975
910	924
910	939
910	943
910	945
910	962
910	965
910	979
911	923
911	929
911	930
911	942
911	948
911	970
912	926
912	936
912	945
912	946
912	991
913	980
913	990
914	921
914	939
914	947
914	960
914	961
914	987
915	926
915	958
915	991
916	919
916	940
916	962
916	964
916	973
916	982
917	931
917	963
917	965
917	968
918	923
918	939
918	942
918	945
918	969
918	977
919	926
919	930
919	944
919	946
919	971
919	991
919	993
920	921
920	935
920	937
920	939
920	950
920	954
920	977
920	982
921	934
921	935
921	960
921	968
922	941
922	944
922	981
923	932
923	936
923	937
923	975
923	980
923	985
923	988
924	930
924	933
924	944
924	969
924	979
924	991
925	956
925	963
925	964
926	941
926	942
926	978
926	988
927	936
927	937
927	943
927	947
927	955
927	959
927	979
927	989
929	937
929	963
929	967
929	981
930	931
930	933
930	938
930	954
930	965
930	975
931	947
931	975
931	977
931	990
932	958
932	982
933	944
933	961
933	968
933	971
934	937
934	948
934	954
934	989
935	954
935	964
935	969
935	989
936	972
936	976
937	945
937	981
938	948
938	949
938	950
938	959
939	963
939	979
939	983
939	990
939	993
940	941
940	947
941	957
941	965
942	984
942	993
943	982
944	950
944	985
945	973
945	990
946	953
946	955
946	970
946	971
946	993
947	963
947	966
947	970
947	972
947	980
948	951
948	959
948	983
949	963
949	965
949	966
949	968
949	990
949	992
950	965
950	976
950	989
950	991
951	963
951	985
952	987
952	993
953	956
953	961
953	973
953	984
953	993
954	965
954	966
954	974
954	982
955	978
956	957
956	974
956	978
956	984
957	959
957	977
957	980
957	983
957	991
958	959
959	981
959	991
960	964
961	985
962	993
963	969
963	975
964	987
965	969
965	984
966	968
966	982
966	990
967	976
967	986
968	977
969	974
969	985
970	977
970	979
970	989
971	978
971	992
973	986
974	979
974	985
976	985
977	982
978	986
979	988
982	985
983	992
984	991
