# k = 3
# N = 300
# alpha = 6
# beta = 0.875
# gamma = 0.2
# Qe = 0.2
#	FromNodeId	ToNodeId0	2
0	5
0	7
0	11
0	13
0	19
0	29
0	37
0	38
0	41
0	42
0	43
0	44
0	47
0	51
0	55
0	59
0	61
0	70
0	72
0	74
0	75
0	83
0	86
0	89
0	94
0	95
0	99
0	234
0	239
0	249
0	250
0	286
0	288
1	6
1	12
1	14
1	18
1	20
1	23
1	29
1	31
1	32
1	34
1	35
1	38
1	50
1	51
1	55
1	64
1	69
1	94
1	99
1	153
1	216
1	220
1	228
1	231
1	233
1	249
1	256
1	259
1	268
1	269
1	281
1	288
2	4
2	6
2	9
2	10
2	12
2	13
2	15
2	19
2	24
2	30
2	34
2	36
2	40
2	43
2	45
2	55
2	56
2	57
2	58
2	59
2	60
2	63
2	64
2	67
2	68
2	71
2	82
2	84
2	89
2	95
2	96
2	98
2	146
2	201
2	203
2	205
2	216
2	225
2	226
2	250
2	260
2	261
2	266
2	272
2	288
2	289
3	4
3	9
3	10
3	12
3	13
3	18
3	22
3	23
3	25
3	27
3	28
3	30
3	36
3	40
3	48
3	50
3	52
3	54
3	55
3	57
3	58
3	59
3	62
3	64
3	68
3	73
3	80
3	87
3	88
3	93
3	94
3	95
3	96
3	97
3	211
3	212
3	216
3	240
3	248
3	253
3	265
3	282
4	7
4	12
4	21
4	22
4	25
4	30
4	34
4	35
4	36
4	38
4	40
4	41
4	42
4	46
4	47
4	50
4	51
4	54
4	61
4	62
4	74
4	80
4	83
4	95
4	97
4	98
4	99
4	103
4	129
4	183
4	210
4	226
4	228
4	229
4	250
4	261
4	267
4	268
4	273
4	274
4	277
4	283
4	295
5	18
5	28
5	29
5	32
5	35
5	40
5	45
5	46
5	54
5	60
5	67
5	68
5	70
5	73
5	78
5	82
5	88
5	90
5	91
5	98
5	110
5	157
5	175
5	200
5	210
5	216
5	232
5	243
5	246
5	252
5	265
5	266
5	277
5	286
5	289
6	7
6	10
6	11
6	13
6	20
6	24
6	25
6	26
6	39
6	40
6	45
6	48
6	49
6	50
6	64
6	67
6	70
6	72
6	73
6	76
6	84
6	88
6	90
6	93
6	94
6	99
6	201
6	202
6	213
6	224
6	229
6	235
6	236
6	244
6	247
6	258
6	274
6	280
6	286
7	9
7	10
7	15
7	17
7	18
7	19
7	25
7	28
7	32
7	36
7	44
7	49
7	50
7	55
7	57
7	64
7	70
7	77
7	78
7	91
7	94
7	96
7	98
7	115
7	201
7	211
7	213
7	219
7	221
7	230
7	242
7	248
7	267
7	292
7	294
7	295
8	11
8	12
8	13
8	16
8	22
8	24
8	26
8	28
8	42
8	45
8	48
8	52
8	55
8	66
8	77
8	82
8	85
8	86
8	94
8	95
8	232
8	240
8	242
8	243
8	244
8	249
8	261
8	265
8	285
9	10
9	13
9	20
9	22
9	25
9	26
9	28
9	34
9	37
9	43
9	46
9	55
9	57
9	71
9	78
9	90
9	94
9	205
9	211
9	220
9	243
9	247
9	262
9	269
9	271
9	292
9	296
10	30
10	31
10	33
10	36
10	38
10	43
10	52
10	55
10	66
10	67
10	68
10	69
10	70
10	73
10	75
10	81
10	82
10	84
10	96
10	197
10	204
10	217
10	223
10	232
10	233
10	242
10	252
10	258
10	272
10	275
10	283
10	284
10	292
10	299
11	12
11	13
11	17
11	20
11	27
11	30
11	31
11	34
11	37
11	50
11	52
11	53
11	54
11	55
11	57
11	59
11	63
11	71
11	72
11	85
11	86
11	92
11	208
11	209
11	212
11	236
11	250
11	285
11	288
11	291
12	14
12	19
12	20
12	23
12	25
12	28
12	30
12	31
12	34
12	37
12	38
12	39
12	49
12	51
12	58
12	61
12	62
12	65
12	69
12	71
12	73
12	75
12	78
12	88
12	91
12	94
12	96
12	97
12	123
12	228
12	229
12	274
12	275
12	288
12	292
12	294
12	295
13	14
13	15
13	16
13	18
13	19
13	26
13	28
13	36
13	37
13	40
13	42
13	48
13	49
13	50
13	57
13	58
13	59
13	63
13	69
13	70
13	72
13	73
13	75
13	82
13	84
13	85
13	86
13	90
13	92
13	94
13	95
13	97
13	217
13	222
13	249
13	255
13	263
13	264
13	265
13	271
13	273
13	274
13	285
13	289
13	291
13	298
14	15
14	19
14	20
14	25
14	26
14	30
14	31
14	32
14	38
14	44
14	51
14	54
14	62
14	79
14	84
14	88
14	89
14	90
14	91
14	136
14	173
14	174
14	216
14	222
14	229
14	232
14	235
14	242
14	252
14	253
14	264
14	278
15	16
15	19
15	29
15	40
15	44
15	45
15	48
15	49
15	50
15	55
15	59
15	60
15	64
15	65
15	70
15	81
15	90
15	96
15	200
15	216
15	239
15	246
15	262
15	280
15	281
15	282
15	283
15	286
15	288
16	20
16	24
16	30
16	31
16	33
16	39
16	45
16	65
16	67
16	72
16	75
16	77
16	85
16	91
16	93
16	94
16	95
16	96
16	97
16	122
16	143
16	208
16	224
16	229
16	230
16	231
16	275
16	279
16	292
17	20
17	22
17	23
17	25
17	29
17	33
17	34
17	38
17	39
17	40
17	42
17	45
17	46
17	47
17	48
17	53
17	59
17	60
17	68
17	69
17	76
17	78
17	79
17	88
17	91
17	92
17	98
17	214
17	228
17	232
17	234
17	235
17	248
17	260
17	262
17	263
17	277
18	19
18	30
18	31
18	33
18	34
18	36
18	37
18	42
18	43
18	44
18	46
18	47
18	51
18	54
18	55
18	58
18	59
18	89
18	95
18	98
18	144
18	159
18	208
18	213
18	217
18	226
18	232
18	233
18	239
18	257
18	262
18	278
18	285
19	24
19	26
19	28
19	31
19	40
19	41
19	42
19	45
19	58
19	65
19	67
19	69
19	70
19	74
19	80
19	82
19	84
19	89
19	92
19	93
19	97
19	99
19	203
19	214
19	223
19	231
19	242
19	247
19	251
19	264
19	268
19	275
19	277
19	296
20	28
20	29
20	31
20	33
20	52
20	53
20	55
20	59
20	66
20	69
20	75
20	80
20	83
20	88
20	90
20	97
20	98
20	154
20	203
20	208
20	209
20	210
20	251
20	254
20	271
20	275
20	283
21	22
21	24
21	26
21	29
21	34
21	37
21	41
21	44
21	45
21	46
21	47
21	49
21	54
21	57
21	59
21	66
21	68
21	70
21	71
21	75
21	76
21	77
21	80
21	84
21	87
21	88
21	89
21	96
21	97
21	99
21	200
21	203
21	225
21	246
21	250
21	252
21	257
21	261
21	269
21	275
21	288
21	291
21	292
21	295
21	299
22	30
22	34
22	39
22	47
22	50
22	51
22	54
22	58
22	60
22	63
22	67
22	68
22	70
22	75
22	77
22	79
22	84
22	85
22	88
22	90
22	92
22	208
22	212
22	237
22	246
22	249
22	252
22	254
22	266
22	271
22	295
23	31
23	37
23	38
23	40
23	44
23	51
23	53
23	54
23	56
23	67
23	71
23	74
23	77
23	80
23	81
23	83
23	91
23	93
23	94
23	97
23	98
23	99
23	105
23	122
23	210
23	211
23	226
23	228
23	254
23	272
23	273
23	274
23	275
23	283
23	289
23	295
24	30
24	31
24	32
24	50
24	52
24	53
24	56
24	59
24	60
24	65
24	68
24	70
24	71
24	72
24	76
24	82
24	83
24	85
24	87
24	88
24	89
24	95
24	205
24	216
24	218
24	238
24	241
24	268
24	281
24	288
24	294
24	295
25	29
25	32
25	35
25	39
25	42
25	43
25	47
25	48
25	58
25	60
25	68
25	70
25	74
25	75
25	82
25	91
25	95
25	96
25	154
25	181
25	200
25	216
25	230
25	240
25	245
25	254
25	258
25	263
25	275
25	276
25	279
25	286
25	297
26	37
26	45
26	51
26	52
26	56
26	57
26	59
26	69
26	71
26	78
26	84
26	85
26	92
26	95
26	96
26	98
26	99
26	179
26	251
26	262
26	264
26	265
26	279
27	38
27	45
27	50
27	52
27	53
27	55
27	62
27	65
27	66
27	67
27	68
27	81
27	82
27	84
27	96
27	97
27	98
27	110
27	200
27	203
27	205
27	208
27	215
27	218
27	221
27	224
27	226
27	235
27	236
27	243
27	262
27	273
27	299
28	34
28	36
28	39
28	45
28	47
28	53
28	54
28	55
28	56
28	59
28	61
28	74
28	75
28	76
28	77
28	81
28	85
28	87
28	89
28	90
28	91
28	97
28	164
28	200
28	202
28	206
28	208
28	211
28	233
28	239
28	240
28	241
28	248
28	262
28	268
28	286
28	297
29	38
29	44
29	48
29	60
29	61
29	62
29	67
29	77
29	79
29	81
29	85
29	88
29	89
29	91
29	92
29	93
29	158
29	223
29	227
29	239
29	241
29	248
29	264
29	277
29	288
29	291
29	298
30	39
30	41
30	44
30	45
30	52
30	53
30	55
30	57
30	66
30	67
30	70
30	75
30	76
30	77
30	78
30	83
30	84
30	85
30	90
30	203
30	206
30	221
30	226
30	231
30	232
30	239
30	242
30	245
30	247
30	269
30	285
30	289
30	291
30	298
31	34
31	36
31	39
31	45
31	51
31	54
31	56
31	58
31	67
31	73
31	74
31	75
31	83
31	85
31	87
31	91
31	93
31	94
31	212
31	221
31	241
31	250
31	256
31	258
31	262
31	268
31	275
31	276
31	286
31	292
31	294
32	37
32	39
32	40
32	43
32	46
32	52
32	58
32	67
32	68
32	69
32	70
32	73
32	74
32	78
32	86
32	87
32	94
32	95
32	96
32	200
32	210
32	216
32	222
32	230
32	231
32	233
32	234
32	236
32	240
32	241
32	247
32	257
32	259
32	268
32	290
32	296
32	299
33	36
33	43
33	45
33	48
33	51
33	55
33	56
33	65
33	69
33	74
33	76
33	82
33	88
33	90
33	93
33	97
33	99
33	160
33	218
33	222
33	223
33	237
33	240
33	243
33	246
33	253
33	264
34	45
34	48
34	53
34	56
34	61
34	63
34	64
34	72
34	77
34	82
34	93
34	148
34	189
34	209
34	211
34	212
34	240
34	246
34	250
34	256
34	264
34	266
34	271
34	273
34	298
35	40
35	43
35	47
35	49
35	53
35	54
35	58
35	62
35	67
35	69
35	70
35	71
35	72
35	73
35	74
35	81
35	86
35	93
35	94
35	95
35	200
35	202
35	207
35	209
35	221
35	237
35	250
35	265
35	278
35	288
35	296
36	37
36	38
36	42
36	43
36	46
36	49
36	52
36	53
36	55
36	58
36	69
36	74
36	75
36	77
36	79
36	82
36	83
36	84
36	85
36	92
36	93
36	95
36	150
36	204
36	205
36	206
36	207
36	215
36	238
36	240
36	268
36	285
36	289
36	298
36	299
37	39
37	41
37	42
37	43
37	44
37	46
37	48
37	52
37	70
37	71
37	74
37	76
37	85
37	86
37	91
37	97
37	99
37	205
37	214
37	216
37	221
37	229
37	246
37	254
37	255
37	272
37	274
38	39
38	48
38	49
38	56
38	57
38	67
38	70
38	79
38	80
38	86
38	87
38	89
38	90
38	91
38	204
38	217
38	239
38	242
38	249
38	250
38	253
38	259
38	281
38	284
38	293
39	43
39	46
39	50
39	52
39	54
39	58
39	66
39	68
39	72
39	74
39	81
39	86
39	90
39	91
39	92
39	95
39	98
39	190
39	216
39	221
39	224
39	238
39	248
39	251
39	252
39	259
39	262
39	272
40	43
40	49
40	53
40	63
40	64
40	66
40	68
40	75
40	76
40	77
40	79
40	80
40	83
40	84
40	85
40	90
40	91
40	92
40	97
40	169
40	206
40	208
40	211
40	212
40	226
40	230
40	240
40	260
40	266
40	291
40	295
41	45
41	55
41	56
41	65
41	70
41	71
41	74
41	77
41	81
41	88
41	93
41	136
41	201
41	203
41	209
41	231
41	236
41	242
41	253
41	269
41	280
41	286
42	44
42	52
42	55
42	56
42	61
42	64
42	71
42	77
42	78
42	79
42	82
42	86
42	88
42	90
42	92
42	96
42	154
42	200
42	214
42	217
42	219
42	221
42	225
42	237
42	251
42	252
42	258
42	262
42	268
42	272
42	276
42	293
43	47
43	49
43	55
43	59
43	60
43	67
43	68
43	72
43	76
43	78
43	80
43	81
43	84
43	85
43	89
43	92
43	94
43	97
43	208
43	209
43	210
43	212
43	219
43	220
43	226
43	246
43	252
43	262
43	283
43	290
43	293
44	47
44	53
44	56
44	57
44	59
44	60
44	65
44	66
44	70
44	79
44	82
44	83
44	97
44	98
44	195
44	200
44	205
44	207
44	216
44	246
44	249
44	255
44	258
44	278
44	283
44	299
45	46
45	52
45	53
45	54
45	56
45	61
45	69
45	71
45	78
45	80
45	81
45	87
45	88
45	91
45	92
45	94
45	96
45	205
45	209
45	222
45	223
45	228
45	242
45	281
45	287
45	294
46	51
46	56
46	57
46	61
46	65
46	74
46	76
46	78
46	80
46	81
46	84
46	85
46	89
46	91
46	97
46	98
46	208
46	210
46	222
46	233
46	246
46	293
47	48
47	54
47	55
47	57
47	61
47	67
47	68
47	73
47	74
47	75
47	77
47	78
47	79
47	80
47	81
47	82
47	87
47	89
47	94
47	97
47	204
47	226
47	245
47	253
47	257
47	264
48	51
48	56
48	59
48	63
48	67
48	68
48	69
48	70
48	71
48	78
48	81
48	82
48	94
48	98
48	210
48	221
48	224
48	229
48	232
48	235
48	245
48	251
48	253
48	268
48	271
48	274
48	286
48	291
49	50
49	60
49	62
49	63
49	65
49	69
49	74
49	77
49	79
49	84
49	87
49	89
49	90
49	93
49	95
49	97
49	156
49	202
49	206
49	215
49	218
49	237
49	248
49	253
49	267
49	274
49	276
49	286
49	288
50	51
50	60
50	62
50	67
50	68
50	77
50	81
50	84
50	86
50	88
50	92
50	95
50	96
50	98
50	227
50	232
50	247
50	249
50	255
50	262
51	55
51	56
51	57
51	63
51	64
51	74
51	80
51	83
51	84
51	86
51	89
51	90
51	187
51	204
51	216
51	221
51	229
51	232
51	242
51	250
51	268
51	277
51	284
51	286
52	59
52	61
52	62
52	65
52	67
52	73
52	77
52	83
52	84
52	89
52	95
52	99
52	168
52	204
52	211
52	217
52	222
52	239
52	249
52	253
52	285
52	289
52	297
52	299
53	58
53	60
53	64
53	66
53	68
53	69
53	74
53	78
53	79
53	89
53	142
53	165
53	216
53	218
53	233
53	235
53	241
53	246
53	247
53	256
53	275
53	297
54	61
54	64
54	66
54	69
54	71
54	74
54	76
54	82
54	84
54	91
54	114
54	213
54	246
54	265
54	267
54	287
54	290
55	59
55	62
55	63
55	65
55	67
55	69
55	72
55	74
55	79
55	85
55	86
55	92
55	98
55	99
55	202
55	203
55	208
55	215
55	221
55	232
55	233
55	240
55	244
55	249
55	257
55	259
55	281
55	287
55	295
56	65
56	68
56	75
56	77
56	78
56	87
56	91
56	96
56	119
56	195
56	202
56	203
56	217
56	232
56	235
56	242
56	257
56	274
56	275
56	283
56	290
56	292
56	295
56	296
57	60
57	62
57	71
57	72
57	77
57	79
57	80
57	88
57	103
57	192
57	212
57	234
57	235
57	238
57	250
57	254
57	255
57	258
57	283
57	284
58	63
58	79
58	81
58	82
58	83
58	88
58	89
58	90
58	92
58	166
58	201
58	215
58	219
58	223
58	226
58	233
58	237
58	244
58	268
58	277
58	280
59	60
59	61
59	63
59	64
59	65
59	73
59	74
59	76
59	77
59	80
59	95
59	200
59	212
59	217
59	219
59	239
59	240
59	242
59	244
59	265
59	266
59	274
59	276
59	285
59	293
60	62
60	63
60	64
60	65
60	66
60	68
60	75
60	80
60	81
60	83
60	86
60	87
60	92
60	98
60	119
60	148
60	196
60	202
60	204
60	206
60	208
60	218
60	228
60	244
60	251
60	259
60	274
60	276
60	279
60	285
60	291
61	62
61	63
61	64
61	68
61	75
61	80
61	82
61	86
61	92
61	93
61	94
61	99
61	229
61	234
61	242
61	252
61	254
61	258
61	260
61	267
61	270
61	286
61	287
61	292
62	63
62	69
62	73
62	76
62	78
62	79
62	80
62	81
62	83
62	93
62	95
62	97
62	107
62	128
62	215
62	221
62	224
62	225
62	257
62	266
62	285
63	64
63	65
63	68
63	74
63	76
63	77
63	86
63	96
63	97
63	163
63	202
63	205
63	206
63	216
63	233
63	246
63	251
63	254
63	260
63	268
63	270
63	279
63	280
63	287
63	289
63	292
64	69
64	74
64	77
64	78
64	79
64	82
64	84
64	140
64	162
64	225
64	246
64	267
64	270
64	271
64	285
64	291
64	294
65	67
65	70
65	76
65	83
65	85
65	87
65	88
65	89
65	90
65	93
65	99
65	171
65	200
65	210
65	220
65	222
65	228
65	237
65	247
65	256
65	260
65	263
65	270
65	285
65	293
66	67
66	68
66	73
66	74
66	77
66	79
66	80
66	82
66	91
66	97
66	98
66	201
66	222
66	230
66	239
66	245
66	250
66	255
67	71
67	75
67	77
67	78
67	80
67	84
67	87
67	90
67	93
67	95
67	98
67	99
67	101
67	106
67	121
67	190
67	194
67	203
67	204
67	208
67	210
67	234
67	240
67	258
67	273
67	277
67	279
67	292
67	296
68	70
68	74
68	76
68	84
68	89
68	91
68	94
68	96
68	97
68	217
68	224
68	239
68	240
68	254
68	262
68	287
69	74
69	87
69	89
69	93
69	94
69	97
69	98
69	99
69	154
69	208
69	224
69	229
69	247
69	255
69	258
69	272
69	279
69	291
69	296
69	297
70	73
70	77
70	79
70	80
70	86
70	90
70	94
70	122
70	136
70	203
70	206
70	207
70	213
70	218
70	229
70	239
70	247
70	252
70	255
70	261
70	264
70	267
70	268
70	271
70	273
70	293
71	75
71	76
71	77
71	82
71	84
71	85
71	91
71	93
71	95
71	98
71	202
71	246
71	254
71	258
71	276
71	278
71	299
72	73
72	79
72	80
72	82
72	87
72	92
72	97
72	98
72	99
72	201
72	209
72	225
72	244
72	246
72	260
72	265
72	266
72	294
72	297
73	74
73	81
73	85
73	87
73	88
73	89
73	98
73	200
73	204
73	205
73	207
73	213
73	222
73	224
73	230
73	233
73	234
73	238
73	242
73	251
73	263
73	265
73	266
73	269
73	271
73	286
73	290
74	79
74	84
74	86
74	93
74	94
74	97
74	99
74	122
74	200
74	216
74	218
74	224
74	232
74	249
74	258
74	265
74	270
74	271
74	278
74	280
74	293
75	77
75	78
75	81
75	83
75	86
75	89
75	92
75	145
75	180
75	225
75	238
75	241
75	256
75	269
75	285
75	288
75	295
76	77
76	78
76	84
76	90
76	99
76	153
76	171
76	214
76	223
76	227
76	228
76	246
76	253
76	266
76	271
76	273
76	280
76	293
76	299
77	78
77	83
77	84
77	88
77	89
77	92
77	93
77	94
77	96
77	97
77	98
77	167
77	225
77	249
77	270
77	283
77	285
77	286
77	288
77	291
78	82
78	91
78	94
78	97
78	99
78	202
78	217
78	225
78	230
78	244
78	256
78	258
78	268
78	271
78	281
78	284
78	289
78	292
78	295
79	81
79	89
79	90
79	93
79	96
79	97
79	98
79	123
79	211
79	219
79	233
79	240
79	248
79	250
79	274
79	294
79	299
80	81
80	82
80	83
80	84
80	86
80	91
80	93
80	200
80	202
80	204
80	229
80	230
80	234
80	263
80	287
80	292
81	84
81	85
81	91
81	99
81	103
81	135
81	189
81	197
81	204
81	208
81	209
81	217
81	219
81	245
81	247
81	252
81	254
81	257
81	258
81	259
81	299
82	88
82	93
82	95
82	114
82	206
82	213
82	218
82	257
82	259
82	260
82	279
82	292
83	86
83	87
83	90
83	92
83	97
83	99
83	212
83	217
83	222
83	241
83	247
83	248
83	253
83	255
83	256
83	262
83	265
83	268
83	280
84	85
84	90
84	91
84	93
84	203
84	208
84	218
84	240
84	243
84	249
84	256
84	282
84	285
84	292
84	293
84	294
84	295
85	90
85	92
85	94
85	132
85	147
85	202
85	204
85	221
85	226
85	235
85	243
85	252
85	253
85	264
85	265
85	268
85	269
85	276
85	281
85	287
86	88
86	92
86	93
86	96
86	97
86	99
86	104
86	131
86	204
86	224
86	226
86	239
86	252
86	255
86	260
87	89
87	94
87	200
87	211
87	219
87	238
87	250
87	251
87	255
87	259
87	261
87	273
87	274
87	282
87	290
88	90
88	197
88	214
88	215
88	220
88	221
88	224
88	244
88	277
88	280
88	295
89	91
89	96
89	99
89	207
89	212
89	214
89	236
89	271
89	272
89	282
89	290
89	296
89	299
90	91
90	97
90	170
90	206
90	227
90	252
90	262
90	286
90	288
90	289
91	93
91	97
91	220
91	223
91	240
91	242
91	251
91	265
91	268
91	279
91	290
92	94
92	98
92	103
92	228
92	233
92	236
92	238
92	240
92	244
92	258
92	265
92	278
92	286
92	288
92	290
93	97
93	98
93	100
93	261
93	263
93	275
93	283
93	297
94	96
94	97
94	98
94	99
94	194
94	201
94	222
94	236
94	248
94	277
94	282
94	285
94	286
95	148
95	190
95	200
95	201
95	211
95	213
95	216
95	217
95	230
95	237
95	241
95	245
95	248
95	254
95	258
95	265
95	292
95	298
96	98
96	226
96	227
96	229
96	241
96	253
96	256
96	264
96	271
96	274
96	290
97	202
97	221
97	237
97	259
97	277
97	281
98	99
98	152
98	213
98	216
98	217
98	223
98	225
98	232
98	271
98	274
98	294
99	202
99	204
99	216
99	221
99	231
99	241
99	244
99	254
99	267
99	270
99	272
99	275
99	293
100	102
100	103
100	109
100	112
100	120
100	121
100	125
100	126
100	134
100	141
100	143
100	147
100	150
100	153
100	155
100	158
100	159
100	163
100	166
100	170
100	176
100	177
100	179
100	180
100	182
100	185
100	187
100	192
100	195
100	199
101	103
101	104
101	112
101	114
101	119
101	121
101	123
101	128
101	130
101	132
101	138
101	140
101	143
101	146
101	150
101	152
101	153
101	154
101	161
101	170
101	172
101	174
101	181
101	185
101	189
101	191
101	196
102	108
102	109
102	110
102	116
102	123
102	125
102	129
102	139
102	141
102	144
102	147
102	149
102	158
102	159
102	161
102	162
102	166
102	171
102	173
102	174
102	182
102	190
102	195
102	274
103	114
103	116
103	119
103	120
103	121
103	122
103	125
103	126
103	130
103	131
103	134
103	136
103	137
103	140
103	142
103	144
103	148
103	152
103	153
103	155
103	158
103	178
103	185
103	186
103	193
103	195
103	196
104	107
104	109
104	117
104	119
104	122
104	129
104	130
104	131
104	133
104	138
104	139
104	147
104	148
104	155
104	158
104	160
104	162
104	163
104	182
104	188
104	190
104	192
104	194
105	119
105	122
105	125
105	126
105	127
105	130
105	132
105	133
105	136
105	140
105	142
105	144
105	149
105	150
105	151
105	156
105	158
105	160
105	166
105	171
105	172
105	174
105	175
105	182
105	183
105	184
105	186
105	191
105	192
105	193
105	200
106	107
106	112
106	113
106	114
106	122
106	125
106	126
106	131
106	133
106	143
106	144
106	146
106	148
106	149
106	150
106	155
106	156
106	158
106	160
106	166
106	170
106	173
106	174
106	184
106	185
106	187
106	191
106	197
106	199
107	111
107	112
107	116
107	121
107	122
107	125
107	126
107	128
107	133
107	134
107	136
107	138
107	139
107	141
107	144
107	148
107	149
107	150
107	152
107	159
107	184
107	185
107	187
107	188
107	195
107	196
107	197
107	226
108	115
108	116
108	119
108	124
108	126
108	130
108	131
108	141
108	148
108	160
108	164
108	170
108	171
108	173
108	174
108	177
108	186
108	188
108	195
108	196
108	199
108	287
109	118
109	120
109	122
109	128
109	133
109	147
109	153
109	155
109	158
109	163
109	165
109	168
109	173
109	174
109	176
109	183
109	191
109	199
109	203
109	281
110	111
110	112
110	117
110	119
110	132
110	136
110	137
110	143
110	144
110	145
110	146
110	148
110	160
110	163
110	167
110	169
110	176
110	179
110	181
110	182
110	184
110	187
110	195
110	196
110	197
110	260
110	261
111	114
111	115
111	121
111	122
111	123
111	124
111	126
111	127
111	132
111	137
111	138
111	139
111	141
111	142
111	146
111	147
111	152
111	155
111	158
111	161
111	163
111	168
111	169
111	177
111	178
111	183
111	184
111	186
111	190
111	197
111	248
112	113
112	115
112	122
112	123
112	126
112	136
112	138
112	139
112	147
112	153
112	154
112	157
112	158
112	159
112	165
112	169
112	172
112	182
112	192
112	194
112	196
112	199
112	231
113	127
113	128
113	136
113	143
113	145
113	150
113	153
113	154
113	155
113	163
113	164
113	170
113	173
113	174
113	176
113	180
113	181
113	182
113	184
113	190
113	198
113	221
114	116
114	131
114	132
114	136
114	137
114	139
114	142
114	145
114	149
114	151
114	158
114	167
114	170
114	174
114	176
114	182
114	186
114	189
114	191
114	192
114	208
114	269
115	116
115	119
115	121
115	126
115	134
115	140
115	145
115	153
115	154
115	158
115	166
115	171
115	172
115	187
115	190
115	196
115	197
115	198
116	122
116	123
116	134
116	137
116	139
116	154
116	158
116	163
116	166
116	167
116	171
116	193
116	194
116	195
116	196
116	197
116	291
117	119
117	120
117	128
117	129
117	130
117	131
117	133
117	140
117	142
117	158
117	163
117	164
117	166
117	173
117	175
117	178
117	184
117	191
117	194
117	198
117	238
118	123
118	124
118	125
118	128
118	136
118	137
118	145
118	151
118	159
118	169
118	173
118	174
118	177
118	181
118	185
118	189
118	190
118	192
118	197
118	198
118	298
119	124
119	126
119	129
119	130
119	135
119	138
119	139
119	144
119	145
119	149
119	151
119	152
119	155
119	158
119	161
119	168
119	170
119	175
119	178
119	179
119	185
119	190
119	192
119	198
119	221
120	123
120	125
120	126
120	129
120	131
120	132
120	135
120	138
120	143
120	146
120	148
120	149
120	152
120	153
120	156
120	157
120	159
120	161
120	170
120	172
120	182
120	185
120	186
120	191
120	193
120	196
120	197
120	204
121	122
121	129
121	133
121	135
121	136
121	142
121	146
121	151
121	158
121	160
121	162
121	163
121	165
121	167
121	174
121	183
121	184
121	185
121	188
121	190
121	191
121	192
121	193
121	230
122	123
122	129
122	131
122	132
122	133
122	136
122	142
122	147
122	155
122	158
122	164
122	166
122	169
122	177
122	178
122	187
122	188
122	191
122	193
122	196
122	197
123	128
123	136
123	138
123	139
123	142
123	145
123	153
123	156
123	161
123	163
123	170
123	171
123	172
123	173
123	175
123	176
123	182
123	183
123	187
123	195
123	196
123	198
123	247
124	132
124	136
124	149
124	154
124	158
124	159
124	171
124	174
124	176
124	179
124	181
124	182
124	183
124	191
124	194
124	198
124	199
125	135
125	137
125	139
125	140
125	141
125	150
125	154
125	158
125	159
125	165
125	168
125	170
125	171
125	172
125	179
125	180
125	182
125	183
125	186
125	188
125	192
125	196
125	224
125	275
126	128
126	131
126	134
126	135
126	136
126	143
126	146
126	147
126	148
126	153
126	154
126	155
126	160
126	165
126	166
126	167
126	168
126	169
126	172
126	174
126	181
126	187
126	195
126	196
126	197
126	199
126	261
127	129
127	136
127	139
127	142
127	143
127	146
127	158
127	160
127	161
127	166
127	169
127	173
127	174
127	175
127	176
127	181
127	182
127	186
127	190
127	193
127	195
127	197
128	131
128	133
128	135
128	138
128	143
128	147
128	153
128	162
128	164
128	166
128	167
128	171
128	172
128	173
128	174
128	178
128	179
128	182
128	186
128	187
128	188
128	191
128	194
128	195
128	198
128	199
129	134
129	137
129	138
129	139
129	145
129	147
129	148
129	150
129	151
129	152
129	159
129	162
129	163
129	167
129	177
129	179
129	184
129	185
129	186
129	188
129	189
129	191
129	199
130	131
130	138
130	142
130	144
130	149
130	154
130	162
130	163
130	168
130	172
130	175
130	177
130	180
130	187
130	188
130	192
130	195
130	280
130	285
131	135
131	136
131	138
131	141
131	142
131	145
131	146
131	153
131	154
131	157
131	171
131	173
131	179
131	180
131	184
131	187
131	188
131	195
131	245
132	145
132	146
132	147
132	149
132	152
132	153
132	154
132	155
132	156
132	158
132	168
132	169
132	181
132	182
132	188
132	191
132	192
132	196
132	250
132	262
133	134
133	138
133	139
133	142
133	144
133	149
133	151
133	158
133	165
133	166
133	171
133	188
133	193
133	194
133	199
134	136
134	137
134	151
134	155
134	158
134	159
134	160
134	169
134	172
134	176
134	179
134	187
134	193
134	194
134	195
134	198
135	136
135	137
135	139
135	141
135	161
135	166
135	171
135	175
135	177
135	182
135	189
135	191
135	192
135	193
135	194
135	295
136	139
136	140
136	143
136	144
136	145
136	148
136	155
136	159
136	160
136	163
136	164
136	167
136	169
136	170
136	171
136	172
136	174
136	180
136	184
136	186
136	191
136	192
136	194
136	195
136	199
136	206
137	142
137	146
137	148
137	149
137	154
137	155
137	156
137	157
137	160
137	162
137	165
137	166
137	171
137	173
137	177
137	187
137	190
137	191
137	232
138	143
138	147
138	149
138	152
138	154
138	163
138	164
138	166
138	173
138	176
138	179
138	182
138	183
138	184
138	189
138	192
138	197
138	255
139	145
139	149
139	150
139	151
139	153
139	165
139	167
139	171
139	175
139	178
139	183
139	190
139	191
139	194
139	195
139	229
140	141
140	144
140	151
140	160
140	168
140	170
140	173
140	178
140	184
140	188
140	199
141	146
141	147
141	148
141	157
141	161
141	167
141	171
141	176
141	177
141	178
141	180
141	182
141	183
141	186
141	196
141	197
141	205
141	208
142	143
142	146
142	147
142	151
142	160
142	167
142	173
142	175
142	180
142	182
142	192
143	144
143	148
143	149
143	151
143	154
143	157
143	160
143	165
143	167
143	168
143	178
143	180
143	182
143	185
143	190
143	192
143	198
143	199
143	278
143	285
144	145
144	149
144	156
144	158
144	159
144	160
144	162
144	163
144	164
144	165
144	166
144	175
144	187
144	190
144	194
144	196
144	198
145	146
145	149
145	152
145	158
145	159
145	160
145	164
145	166
145	167
145	168
145	171
145	174
145	177
145	181
145	183
145	185
145	189
145	191
145	197
145	205
146	155
146	157
146	159
146	162
146	163
146	166
146	168
146	172
146	175
146	177
146	182
146	185
146	187
146	188
146	195
146	198
146	199
146	225
147	149
147	151
147	152
147	171
147	175
147	178
147	182
147	188
147	194
147	197
147	226
147	287
148	152
148	156
148	161
148	162
148	173
148	176
148	178
148	182
148	184
148	185
148	186
148	190
148	196
148	197
148	198
148	213
149	150
149	156
149	157
149	159
149	160
149	162
149	164
149	165
149	167
149	168
149	171
149	177
149	179
149	180
149	185
149	188
149	190
150	153
150	156
150	165
150	180
150	181
150	183
150	184
150	185
150	186
150	187
150	188
150	189
150	194
150	195
150	220
150	244
151	165
151	167
151	171
151	172
151	173
151	177
151	181
151	183
151	192
151	195
151	196
151	197
151	200
151	203
152	156
152	157
152	168
152	170
152	179
152	182
152	183
152	299
153	154
153	162
153	164
153	165
153	172
153	173
153	175
153	176
153	178
153	190
153	195
153	196
153	199
154	155
154	158
154	159
154	169
154	170
154	171
154	172
154	173
154	185
154	188
154	189
154	192
154	196
154	198
155	156
155	157
155	161
155	170
155	174
155	184
155	186
155	191
155	192
155	193
155	195
155	197
155	198
156	158
156	160
156	161
156	162
156	165
156	166
156	174
156	177
156	180
156	187
156	189
156	190
156	191
156	198
156	225
156	242
157	159
157	160
157	166
157	167
157	168
157	173
157	174
157	176
157	177
157	189
157	191
157	192
157	258
158	161
158	162
158	166
158	168
158	171
158	174
158	178
158	181
158	182
158	183
158	187
158	192
158	199
158	236
159	163
159	170
159	171
159	189
159	190
159	192
159	194
160	165
160	166
160	168
160	170
160	172
160	175
160	177
160	180
160	181
160	182
160	185
160	187
160	188
160	193
160	195
161	162
161	173
161	175
161	176
161	177
161	178
161	179
161	181
161	182
161	183
161	189
161	190
161	191
161	192
161	195
161	198
162	166
162	167
162	174
162	177
162	178
162	181
162	182
162	184
162	186
162	187
162	190
162	191
162	192
162	193
162	196
162	197
162	198
162	199
162	220
162	241
162	286
163	164
163	165
163	170
163	179
163	181
163	186
163	193
163	199
163	252
163	291
164	174
164	175
164	178
164	182
164	189
164	194
164	215
165	171
165	176
165	184
165	186
165	187
165	192
165	229
166	169
166	170
166	174
166	178
166	181
166	182
166	186
166	191
166	233
167	168
167	170
167	171
167	180
167	183
167	190
167	192
167	194
167	195
167	197
167	198
167	257
168	169
168	175
168	176
168	183
168	186
168	190
168	197
169	170
169	178
169	182
169	188
169	189
169	198
169	209
169	266
170	175
170	179
170	180
170	195
171	172
171	185
171	192
171	193
171	200
172	173
172	185
172	187
172	191
172	192
172	194
172	195
172	196
172	198
172	203
173	174
173	175
173	177
173	186
173	188
173	195
173	196
173	237
173	283
174	179
174	184
174	186
174	191
174	193
174	196
174	197
175	179
175	183
175	185
175	186
176	184
176	185
176	187
176	195
177	180
177	187
177	191
177	192
177	194
177	199
178	186
178	191
178	192
178	198
179	185
179	186
179	188
179	194
179	195
179	199
180	182
180	188
180	189
180	191
180	193
180	197
180	198
180	199
180	226
181	190
181	197
181	199
181	248
181	289
182	184
182	186
182	190
182	193
182	195
182	204
183	192
183	194
183	195
183	196
183	216
184	190
184	193
184	198
184	199
184	250
184	285
185	186
185	188
185	198
186	192
186	193
186	194
186	199
186	221
186	264
186	269
186	280
187	193
187	194
187	245
187	246
187	251
188	191
188	195
189	191
189	193
189	196
189	197
189	227
190	192
190	194
190	195
190	197
190	199
190	295
191	197
191	208
192	195
192	274
192	297
193	280
194	197
194	273
195	198
195	199
196	197
196	239
200	208
200	216
200	222
200	226
200	228
200	235
200	236
200	241
200	242
200	243
200	245
200	247
200	248
200	249
200	251
200	257
200	263
200	265
200	266
200	273
200	277
200	278
200	280
200	288
200	290
200	291
200	295
200	296
201	202
201	217
201	223
201	227
201	230
201	233
201	234
201	235
201	236
201	237
201	240
201	249
201	255
201	262
201	265
201	266
201	267
201	273
201	277
201	278
201	290
201	291
201	292
201	293
201	294
202	216
202	218
202	220
202	223
202	225
202	230
202	237
202	238
202	239
202	244
202	245
202	251
202	252
202	256
202	260
202	264
202	268
202	272
202	274
202	275
202	282
202	284
202	286
202	289
202	290
202	291
203	211
203	226
203	227
203	228
203	229
203	231
203	232
203	239
203	240
203	250
203	259
203	263
203	264
203	273
203	277
203	279
203	280
203	281
203	284
203	285
203	286
203	292
203	293
204	206
204	207
204	210
204	214
204	215
204	216
204	217
204	219
204	221
204	222
204	226
204	227
204	229
204	238
204	240
204	241
204	242
204	247
204	251
204	252
204	255
204	263
204	267
204	268
204	270
204	271
204	272
204	274
204	275
204	278
204	289
204	291
204	292
204	296
204	297
204	298
205	209
205	214
205	215
205	220
205	226
205	230
205	239
205	241
205	244
205	246
205	253
205	254
205	267
205	278
205	279
205	286
205	287
205	290
205	292
205	293
205	294
205	297
205	298
206	207
206	209
206	215
206	223
206	225
206	226
206	227
206	230
206	231
206	233
206	242
206	245
206	251
206	252
206	255
206	256
206	260
206	263
206	268
206	270
206	273
206	275
206	276
206	281
206	283
206	285
206	288
206	289
206	291
206	293
206	295
207	210
207	212
207	217
207	219
207	221
207	225
207	227
207	232
207	236
207	237
207	242
207	243
207	247
207	252
207	253
207	256
207	260
207	264
207	270
207	280
207	281
207	283
207	291
207	292
207	294
207	297
207	299
208	212
208	215
208	217
208	223
208	224
208	236
208	238
208	240
208	243
208	247
208	250
208	251
208	254
208	256
208	257
208	258
208	259
208	262
208	268
208	270
208	278
208	279
208	281
208	283
208	287
208	288
208	291
208	298
209	214
209	215
209	218
209	220
209	221
209	225
209	229
209	230
209	237
209	241
209	244
209	245
209	249
209	258
209	262
209	263
209	268
209	273
209	276
209	278
209	281
209	286
209	292
209	293
209	295
210	219
210	224
210	226
210	228
210	234
210	244
210	245
210	251
210	255
210	261
210	263
210	268
210	271
210	273
210	279
210	286
210	292
210	293
210	297
210	298
211	217
211	221
211	231
211	234
211	243
211	247
211	249
211	250
211	251
211	256
211	259
211	260
211	261
211	263
211	264
211	267
211	268
211	269
211	274
211	287
211	288
211	293
211	298
212	215
212	217
212	224
212	236
212	242
212	246
212	249
212	250
212	253
212	255
212	260
212	261
212	266
212	272
212	279
212	284
212	285
212	287
212	291
212	292
212	295
212	298
213	218
213	220
213	224
213	236
213	238
213	241
213	243
213	247
213	249
213	255
213	260
213	267
213	268
213	269
213	279
213	285
213	288
213	295
213	296
214	219
214	223
214	231
214	232
214	239
214	243
214	247
214	256
214	269
214	272
214	277
214	278
214	290
214	292
214	294
214	296
214	298
215	219
215	221
215	230
215	233
215	236
215	237
215	238
215	241
215	243
215	244
215	247
215	252
215	255
215	259
215	260
215	262
215	264
215	268
215	270
215	273
215	274
215	275
215	277
215	279
215	285
215	286
215	293
215	297
216	221
216	222
216	223
216	225
216	229
216	231
216	233
216	242
216	245
216	248
216	249
216	251
216	254
216	255
216	256
216	259
216	260
216	264
216	265
216	278
216	279
216	284
216	285
216	287
216	288
216	293
216	297
217	220
217	222
217	223
217	227
217	230
217	231
217	232
217	236
217	237
217	239
217	245
217	247
217	253
217	260
217	261
217	263
217	266
217	269
217	270
217	273
217	274
217	275
217	285
217	286
217	295
218	221
218	223
218	226
218	228
218	231
218	234
218	235
218	237
218	242
218	250
218	251
218	252
218	255
218	257
218	259
218	264
218	265
218	266
218	267
218	269
218	280
218	283
218	284
218	293
218	294
218	296
219	222
219	223
219	226
219	228
219	230
219	233
219	234
219	236
219	240
219	245
219	248
219	251
219	252
219	263
219	265
219	268
219	279
219	281
219	286
219	288
219	294
219	296
220	222
220	229
220	231
220	232
220	236
220	239
220	245
220	246
220	249
220	253
220	258
220	263
220	269
220	270
220	272
220	273
220	276
220	284
220	285
220	286
220	289
220	292
220	294
221	224
221	226
221	230
221	239
221	241
221	242
221	246
221	247
221	251
221	255
221	257
221	265
221	266
221	271
221	272
221	273
221	275
221	277
221	286
221	288
221	296
222	227
222	231
222	234
222	238
222	239
222	241
222	245
222	247
222	248
222	249
222	258
222	268
222	270
222	279
222	284
222	295
223	228
223	235
223	237
223	241
223	244
223	249
223	250
223	251
223	256
223	258
223	260
223	261
223	264
223	265
223	271
223	281
223	282
223	283
223	284
223	289
223	293
223	298
224	227
224	229
224	235
224	242
224	243
224	244
224	248
224	250
224	252
224	253
224	254
224	261
224	262
224	263
224	265
224	266
224	271
224	276
224	285
224	298
225	227
225	229
225	235
225	239
225	266
225	268
225	270
225	277
225	286
225	289
225	294
225	296
225	297
226	228
226	232
226	233
226	245
226	248
226	267
226	269
226	271
226	275
226	278
226	279
226	281
226	284
226	288
226	293
226	299
227	233
227	240
227	248
227	252
227	258
227	259
227	260
227	262
227	263
227	267
227	269
227	276
227	279
227	283
227	286
227	288
227	292
227	298
227	299
228	239
228	242
228	246
228	250
228	254
228	263
228	268
228	285
228	287
228	290
228	292
228	296
228	297
229	230
229	234
229	241
229	243
229	246
229	247
229	253
229	256
229	258
229	259
229	260
229	261
229	263
229	266
229	271
229	279
229	280
229	282
229	284
229	285
229	293
230	234
230	238
230	239
230	240
230	244
230	246
230	252
230	253
230	255
230	262
230	264
230	266
230	268
230	269
230	275
230	280
230	281
230	284
230	286
230	287
230	289
230	290
230	291
230	292
230	293
231	233
231	236
231	241
231	245
231	253
231	258
231	261
231	270
231	271
231	272
231	278
231	279
231	281
231	297
232	234
232	251
232	252
232	253
232	256
232	261
232	271
232	274
232	276
232	277
232	278
232	279
232	285
232	286
232	287
232	290
232	297
233	238
233	240
233	241
233	243
233	246
233	250
233	261
233	263
233	270
233	271
233	272
233	273
233	282
233	290
233	291
233	292
233	294
233	295
234	241
234	242
234	244
234	245
234	251
234	252
234	253
234	256
234	273
234	275
234	276
234	277
234	278
234	293
234	299
235	236
235	243
235	244
235	245
235	255
235	260
235	265
235	271
235	272
235	276
235	277
235	278
235	283
235	284
235	286
235	293
235	298
235	299
236	238
236	239
236	240
236	243
236	244
236	252
236	254
236	260
236	262
236	264
236	268
236	269
236	270
236	272
236	273
236	277
236	280
236	281
236	283
236	287
236	289
236	290
236	293
236	294
237	238
237	239
237	240
237	244
237	247
237	250
237	252
237	253
237	254
237	256
237	258
237	269
237	270
237	276
237	277
237	278
237	280
237	282
237	288
237	290
237	294
237	297
237	298
238	240
238	242
238	243
238	247
238	253
238	261
238	265
238	269
238	272
238	275
238	282
238	285
238	289
238	292
238	293
238	299
239	240
239	241
239	249
239	250
239	255
239	262
239	267
239	271
239	274
239	275
239	281
239	282
239	289
239	290
239	291
239	295
239	298
239	299
240	247
240	249
240	251
240	254
240	257
240	263
240	264
240	272
240	284
240	285
240	288
240	291
240	299
241	242
241	243
241	244
241	248
241	252
241	253
241	254
241	255
241	263
241	266
241	269
241	277
241	282
241	285
241	286
241	287
241	288
241	290
241	294
242	243
242	248
242	251
242	252
242	258
242	261
242	266
242	268
242	269
242	274
242	275
242	276
242	278
242	280
242	281
242	282
242	289
242	290
242	291
242	292
242	293
242	298
243	244
243	247
243	251
243	252
243	253
243	260
243	266
243	269
243	270
243	271
243	276
243	277
243	286
243	288
243	289
243	290
243	296
244	250
244	253
244	254
244	256
244	269
244	272
244	275
244	276
244	278
244	279
244	286
244	288
244	289
244	293
244	295
245	248
245	251
245	252
245	254
245	257
245	258
245	267
245	271
245	275
245	277
245	278
245	281
245	298
246	249
246	253
246	255
246	256
246	260
246	261
246	266
246	270
246	280
246	284
246	289
246	290
246	297
247	253
247	254
247	256
247	259
247	263
247	276
247	279
247	287
247	290
247	291
247	295
247	297
248	250
248	255
248	256
248	257
248	258
248	260
248	262
248	263
248	265
248	266
248	275
248	276
248	281
248	287
248	288
248	292
248	293
248	295
249	251
249	252
249	255
249	257
249	267
249	282
249	284
249	288
249	294
249	298
249	299
250	253
250	255
250	257
250	266
250	271
250	281
250	287
250	289
250	295
251	253
251	257
251	261
251	262
251	265
251	271
251	274
251	276
251	280
251	288
251	290
251	291
251	292
251	297
251	299
252	253
252	256
252	264
252	266
252	269
252	270
252	271
252	273
252	274
252	275
252	280
252	282
252	289
252	294
252	297
252	299
253	256
253	272
253	280
253	284
253	290
253	294
253	298
254	255
254	265
254	273
254	276
254	277
254	280
254	281
254	282
254	286
254	287
254	288
254	293
254	296
254	299
255	258
255	260
255	261
255	267
255	275
255	276
255	279
255	284
255	290
255	293
255	296
256	258
256	259
256	262
256	263
256	265
256	269
256	271
256	275
256	278
256	279
256	281
256	284
256	285
256	289
256	290
256	291
257	270
257	272
257	279
257	284
257	285
257	286
257	297
257	299
258	266
258	268
258	277
258	278
258	281
258	282
258	284
258	286
258	290
258	294
258	297
258	298
259	260
259	262
259	263
259	264
259	267
259	268
259	271
259	276
259	277
259	278
259	279
259	283
259	285
259	286
259	288
259	291
259	292
259	294
259	295
260	265
260	267
260	271
260	273
260	278
260	287
260	288
260	290
260	299
261	266
261	267
261	268
261	272
261	274
261	277
261	278
261	282
261	287
261	290
261	294
261	295
261	296
261	299
262	271
262	280
262	289
262	294
262	298
262	299
263	269
263	276
263	292
263	299
264	268
264	270
264	272
264	282
264	285
264	286
264	289
264	290
264	292
264	293
264	298
265	268
265	271
265	273
265	274
265	276
265	279
265	280
265	289
265	297
266	270
266	271
266	274
266	276
266	278
266	281
266	285
266	287
266	288
266	289
266	293
266	294
266	298
267	269
267	272
267	280
267	282
267	285
267	289
267	290
267	292
267	293
267	297
268	273
268	276
268	284
268	292
268	295
268	296
269	270
269	273
269	275
269	282
269	284
269	285
269	289
269	295
269	297
269	299
270	273
270	274
270	275
270	284
270	287
270	289
270	293
270	298
270	299
271	281
271	292
272	273
272	274
272	275
272	276
272	277
272	279
272	281
272	282
272	283
272	284
272	290
272	291
272	292
272	298
273	280
273	285
273	286
273	287
273	295
273	296
274	276
274	282
274	286
274	287
274	290
274	294
275	276
275	278
275	280
275	290
275	292
275	293
275	296
275	298
276	281
276	285
276	287
276	288
276	289
276	290
276	292
276	293
277	278
277	279
277	281
277	288
277	297
278	282
278	283
278	294
278	296
278	297
279	287
279	296
279	298
280	292
280	297
281	290
281	292
281	296
282	283
282	292
283	286
283	289
283	298
283	299
284	290
284	291
284	295
284	296
284	297
284	299
285	289
285	296
286	287
286	288
286	294
286	297
287	296
288	296
288	297
289	292
290	291
290	297
290	298
291	297
292	293
292	295
293	295
293	298
295	298
296	297
296	298
296	299
