# k = 10
# N = 300
# alpha = 6
# beta = 2.33333333333
# gamma = 0.4
# Qe = 0.2
#	FromNodeId	ToNodeId0	1
0	3
0	4
0	5
0	6
0	7
0	8
0	9
0	10
0	11
0	12
0	13
0	14
0	15
0	16
0	20
0	21
0	23
0	24
0	25
0	26
0	27
0	28
0	29
0	61
0	68
0	87
0	125
0	137
0	146
0	214
0	215
0	219
0	221
0	224
0	229
0	235
0	236
0	271
0	276
0	278
0	285
0	288
0	297
1	2
1	7
1	8
1	10
1	11
1	13
1	16
1	17
1	18
1	21
1	22
1	24
1	25
1	27
1	29
1	60
1	64
1	66
1	144
1	216
1	218
1	225
1	226
1	228
1	239
1	270
1	282
1	286
1	288
1	294
1	295
1	296
2	3
2	4
2	5
2	6
2	8
2	10
2	11
2	14
2	16
2	17
2	18
2	19
2	20
2	21
2	22
2	23
2	24
2	25
2	28
2	29
2	63
2	65
2	75
2	82
2	129
2	149
2	213
2	217
2	221
2	225
2	226
2	233
2	234
2	239
2	280
2	286
2	298
3	4
3	5
3	7
3	11
3	13
3	14
3	15
3	17
3	19
3	22
3	24
3	25
3	26
3	29
3	63
3	76
3	87
3	128
3	142
3	210
3	212
3	213
3	218
3	219
3	221
3	223
3	232
3	234
3	276
3	280
3	287
3	289
3	292
3	296
3	298
4	5
4	6
4	7
4	8
4	9
4	10
4	11
4	12
4	13
4	14
4	15
4	16
4	17
4	18
4	19
4	20
4	21
4	22
4	23
4	24
4	26
4	27
4	28
4	64
4	66
4	73
4	78
4	82
4	87
4	88
4	215
4	216
4	219
4	227
4	229
4	234
4	236
4	238
4	271
4	296
5	7
5	8
5	10
5	11
5	14
5	16
5	17
5	25
5	26
5	27
5	28
5	29
5	75
5	81
5	89
5	211
5	217
5	223
5	225
5	228
5	232
5	238
5	292
5	298
6	8
6	9
6	11
6	12
6	13
6	15
6	16
6	17
6	18
6	19
6	20
6	21
6	22
6	23
6	24
6	25
6	26
6	27
6	28
6	29
6	66
6	71
6	75
6	214
6	216
6	217
6	221
6	224
6	228
6	232
6	235
6	238
6	270
6	274
6	276
6	278
6	279
6	282
6	286
6	293
7	9
7	10
7	11
7	12
7	13
7	14
7	15
7	16
7	17
7	18
7	19
7	20
7	21
7	23
7	24
7	26
7	28
7	29
7	82
7	142
7	210
7	213
7	217
7	219
7	223
7	228
7	234
7	237
7	238
7	239
7	273
7	281
7	293
8	10
8	11
8	14
8	15
8	16
8	18
8	19
8	20
8	23
8	24
8	25
8	26
8	27
8	29
8	72
8	78
8	142
8	223
8	227
8	228
8	234
8	235
8	277
8	280
8	282
8	289
8	292
8	296
8	297
9	11
9	12
9	14
9	15
9	16
9	17
9	18
9	21
9	22
9	23
9	24
9	25
9	27
9	29
9	76
9	141
9	215
9	221
9	222
9	226
9	227
9	228
9	230
9	232
9	235
9	236
9	275
9	276
9	280
9	289
9	292
9	299
10	15
10	16
10	18
10	19
10	20
10	22
10	24
10	25
10	26
10	81
10	84
10	215
10	217
10	221
10	222
10	224
10	226
10	227
10	228
10	231
10	234
10	235
10	236
10	239
10	271
10	274
10	277
10	278
10	280
10	283
10	286
10	289
11	12
11	13
11	14
11	15
11	17
11	18
11	19
11	20
11	22
11	25
11	26
11	28
11	67
11	70
11	75
11	145
11	147
11	214
11	215
11	216
11	222
11	227
11	229
11	230
11	233
11	273
11	277
11	280
11	292
11	298
11	299
12	13
12	15
12	16
12	17
12	18
12	20
12	22
12	23
12	24
12	25
12	26
12	28
12	29
12	75
12	82
12	85
12	135
12	213
12	218
12	223
12	225
12	228
12	232
12	237
12	238
12	272
12	280
12	282
13	14
13	15
13	16
13	17
13	18
13	19
13	21
13	22
13	24
13	25
13	26
13	27
13	28
13	29
13	60
13	64
13	124
13	136
13	213
13	220
13	222
13	223
13	225
13	227
13	232
13	236
13	238
13	270
13	277
13	288
13	292
14	15
14	16
14	17
14	20
14	21
14	22
14	23
14	26
14	27
14	28
14	64
14	81
14	215
14	216
14	221
14	224
14	230
14	231
14	234
14	235
14	236
14	238
14	239
14	272
14	283
14	284
14	286
14	287
14	290
14	293
14	297
14	299
15	16
15	17
15	19
15	20
15	21
15	22
15	24
15	26
15	29
15	64
15	80
15	89
15	210
15	211
15	213
15	221
15	231
15	233
15	234
15	238
15	274
15	276
15	286
15	292
15	299
16	17
16	20
16	22
16	23
16	25
16	26
16	27
16	28
16	29
16	62
16	63
16	68
16	79
16	125
16	126
16	212
16	214
16	217
16	220
16	225
16	234
16	239
16	285
16	295
17	19
17	21
17	22
17	23
17	24
17	26
17	27
17	29
17	120
17	210
17	211
17	212
17	213
17	216
17	221
17	226
17	227
17	230
17	235
17	239
17	278
17	297
18	19
18	20
18	22
18	23
18	24
18	25
18	26
18	27
18	61
18	62
18	72
18	87
18	137
18	141
18	211
18	217
18	226
18	231
18	237
18	280
18	287
18	288
18	290
19	20
19	21
19	22
19	24
19	25
19	27
19	28
19	29
19	66
19	76
19	77
19	88
19	129
19	146
19	213
19	215
19	217
19	219
19	220
19	221
19	225
19	229
19	230
19	231
19	232
19	234
19	279
19	288
20	21
20	27
20	29
20	64
20	69
20	75
20	121
20	211
20	215
20	221
20	226
20	227
20	236
20	237
20	274
20	277
20	298
21	22
21	23
21	26
21	27
21	28
21	29
21	60
21	210
21	211
21	212
21	215
21	220
21	221
21	228
21	232
21	233
21	237
21	274
21	278
21	287
21	292
21	298
22	23
22	26
22	27
22	28
22	68
22	71
22	86
22	130
22	136
22	148
22	210
22	214
22	216
22	220
22	223
22	224
22	225
22	236
22	271
22	274
22	290
22	293
23	26
23	28
23	29
23	79
23	211
23	214
23	215
23	223
23	225
23	229
23	232
23	234
23	235
23	237
23	275
23	277
23	279
23	295
23	299
24	25
24	26
24	27
24	28
24	68
24	70
24	76
24	124
24	126
24	144
24	211
24	216
24	217
24	219
24	223
24	227
24	228
24	229
24	231
24	233
24	239
24	270
24	274
24	278
25	26
25	28
25	86
25	89
25	127
25	135
25	214
25	226
25	229
25	239
25	271
25	278
25	284
25	286
25	293
26	27
26	28
26	88
26	122
26	143
26	213
26	216
26	217
26	218
26	223
26	228
26	271
26	279
26	287
26	295
26	297
27	28
27	63
27	67
27	85
27	86
27	210
27	211
27	214
27	215
27	217
27	219
27	223
27	225
27	227
27	228
27	230
27	231
27	272
27	278
27	280
27	285
27	288
27	296
28	29
28	73
28	74
28	88
28	122
28	127
28	133
28	211
28	215
28	223
28	228
28	231
28	232
28	233
28	234
28	275
28	281
28	287
29	61
29	67
29	73
29	77
29	125
29	129
29	210
29	211
29	220
29	221
29	222
29	223
29	226
29	228
29	233
29	236
29	239
29	271
29	276
29	284
29	285
29	293
29	294
29	298
30	32
30	33
30	35
30	37
30	38
30	39
30	41
30	43
30	44
30	45
30	46
30	49
30	50
30	52
30	53
30	54
30	55
30	56
30	57
30	58
30	59
30	99
30	106
30	113
30	121
30	129
30	147
30	184
30	187
30	188
30	189
30	193
30	196
30	198
30	201
30	203
30	204
30	206
30	208
30	296
31	32
31	33
31	34
31	35
31	39
31	40
31	41
31	44
31	46
31	47
31	48
31	49
31	50
31	51
31	52
31	53
31	54
31	55
31	58
31	59
31	123
31	146
31	148
31	180
31	181
31	183
31	184
31	189
31	190
31	194
31	197
31	200
31	204
31	205
31	206
31	208
31	209
31	293
32	33
32	34
32	36
32	37
32	38
32	39
32	40
32	41
32	42
32	44
32	45
32	47
32	48
32	49
32	52
32	53
32	55
32	56
32	57
32	58
32	59
32	122
32	123
32	127
32	129
32	134
32	136
32	180
32	182
32	186
32	189
32	190
32	191
32	193
32	194
32	196
32	197
32	199
32	201
32	202
32	203
32	204
32	205
32	206
32	208
32	296
33	34
33	36
33	37
33	38
33	42
33	43
33	44
33	45
33	46
33	47
33	49
33	53
33	55
33	57
33	58
33	93
33	96
33	103
33	122
33	129
33	131
33	135
33	136
33	141
33	147
33	180
33	185
33	188
33	189
33	190
33	193
33	194
33	198
33	202
33	206
33	208
33	285
33	296
34	36
34	37
34	38
34	39
34	40
34	42
34	43
34	45
34	46
34	48
34	49
34	50
34	53
34	55
34	57
34	59
34	105
34	120
34	123
34	124
34	133
34	143
34	146
34	180
34	181
34	183
34	185
34	186
34	189
34	191
34	192
34	195
34	196
34	197
34	198
34	200
34	204
34	207
34	209
34	283
35	36
35	37
35	38
35	39
35	41
35	43
35	45
35	46
35	47
35	48
35	49
35	51
35	52
35	53
35	54
35	55
35	56
35	58
35	59
35	120
35	128
35	130
35	131
35	138
35	146
35	181
35	182
35	184
35	187
35	188
35	190
35	195
35	198
35	201
35	202
35	206
35	207
35	208
35	209
35	283
35	284
35	295
36	37
36	41
36	42
36	43
36	44
36	45
36	46
36	47
36	48
36	49
36	50
36	52
36	53
36	55
36	56
36	57
36	58
36	59
36	101
36	122
36	124
36	127
36	130
36	138
36	146
36	149
36	182
36	186
36	187
36	188
36	191
36	192
36	194
36	197
36	198
36	199
36	202
36	203
36	207
36	208
36	209
36	271
36	284
37	38
37	39
37	40
37	42
37	43
37	46
37	47
37	49
37	50
37	51
37	52
37	53
37	55
37	56
37	57
37	125
37	127
37	128
37	132
37	137
37	142
37	181
37	183
37	185
37	187
37	188
37	190
37	191
37	192
37	193
37	195
37	196
37	197
37	198
37	200
37	203
37	204
37	205
37	206
37	275
38	39
38	40
38	41
38	43
38	44
38	48
38	49
38	50
38	52
38	54
38	55
38	57
38	58
38	59
38	91
38	93
38	115
38	128
38	129
38	134
38	140
38	145
38	180
38	181
38	182
38	184
38	186
38	187
38	190
38	191
38	192
38	194
38	195
38	196
38	198
38	199
38	203
38	207
38	281
38	299
39	40
39	41
39	43
39	44
39	45
39	47
39	48
39	49
39	50
39	51
39	52
39	53
39	55
39	56
39	57
39	58
39	97
39	123
39	131
39	132
39	139
39	149
39	180
39	181
39	182
39	183
39	184
39	188
39	189
39	192
39	193
39	194
39	195
39	196
39	197
39	199
39	200
39	201
39	203
39	204
39	205
39	206
39	207
39	209
39	281
39	290
40	42
40	47
40	48
40	49
40	52
40	54
40	56
40	58
40	90
40	95
40	120
40	121
40	123
40	124
40	126
40	128
40	130
40	134
40	137
40	140
40	144
40	182
40	185
40	188
40	189
40	191
40	192
40	193
40	194
40	196
40	198
40	199
40	202
40	205
40	206
40	281
40	295
41	42
41	44
41	45
41	46
41	47
41	48
41	49
41	51
41	52
41	53
41	54
41	55
41	56
41	58
41	59
41	107
41	109
41	123
41	139
41	144
41	145
41	181
41	182
41	183
41	185
41	188
41	191
41	192
41	194
41	195
41	198
41	199
41	201
41	203
41	204
41	205
41	208
41	209
41	297
42	43
42	44
42	45
42	46
42	47
42	48
42	50
42	51
42	52
42	53
42	54
42	55
42	56
42	57
42	58
42	59
42	113
42	135
42	136
42	141
42	144
42	149
42	180
42	185
42	186
42	189
42	193
42	195
42	196
42	197
42	198
42	199
42	200
42	201
42	203
42	204
42	206
42	209
42	286
42	297
43	44
43	46
43	49
43	53
43	54
43	56
43	58
43	59
43	93
43	105
43	131
43	137
43	149
43	181
43	183
43	184
43	185
43	189
43	190
43	197
43	200
43	202
43	203
43	206
43	208
43	209
43	276
43	286
44	46
44	47
44	48
44	49
44	50
44	53
44	54
44	57
44	58
44	124
44	129
44	130
44	137
44	138
44	141
44	142
44	147
44	181
44	184
44	185
44	186
44	187
44	192
44	194
44	195
44	196
44	197
44	198
44	202
44	203
44	204
44	205
44	206
44	207
44	208
44	272
44	275
44	297
45	46
45	49
45	50
45	52
45	53
45	54
45	57
45	59
45	93
45	115
45	128
45	146
45	147
45	185
45	188
45	189
45	192
45	197
45	201
45	202
45	203
45	206
45	207
45	208
45	209
45	285
45	292
46	47
46	48
46	49
46	51
46	53
46	55
46	56
46	95
46	97
46	103
46	124
46	132
46	141
46	143
46	148
46	180
46	187
46	190
46	191
46	193
46	195
46	196
46	197
46	198
46	199
46	200
46	201
46	202
46	203
46	204
46	205
46	207
46	275
46	290
46	294
47	48
47	49
47	50
47	53
47	54
47	55
47	56
47	57
47	59
47	107
47	123
47	126
47	130
47	135
47	136
47	147
47	148
47	181
47	182
47	184
47	185
47	189
47	191
47	192
47	196
47	198
47	203
47	206
47	208
47	209
47	271
48	49
48	51
48	53
48	54
48	55
48	56
48	57
48	58
48	59
48	96
48	113
48	122
48	135
48	147
48	181
48	182
48	183
48	184
48	187
48	189
48	190
48	196
48	197
48	198
48	199
48	201
48	204
48	205
48	291
48	293
49	50
49	51
49	52
49	55
49	56
49	57
49	58
49	59
49	92
49	114
49	130
49	133
49	149
49	180
49	182
49	184
49	185
49	186
49	187
49	188
49	189
49	190
49	195
49	199
49	200
49	203
49	204
49	207
49	274
49	279
49	281
49	283
50	52
50	53
50	56
50	57
50	58
50	59
50	121
50	142
50	181
50	183
50	186
50	187
50	188
50	189
50	190
50	192
50	197
50	200
50	203
50	205
50	208
50	275
50	280
50	282
51	52
51	54
51	56
51	57
51	58
51	59
51	105
51	109
51	115
51	123
51	125
51	135
51	143
51	147
51	181
51	182
51	183
51	186
51	187
51	189
51	192
51	193
51	194
51	197
51	199
51	200
51	201
51	205
51	207
52	53
52	56
52	57
52	58
52	59
52	121
52	123
52	128
52	133
52	134
52	180
52	183
52	184
52	187
52	191
52	192
52	194
52	198
52	199
52	201
52	206
52	276
52	282
52	283
52	286
53	54
53	55
53	56
53	59
53	90
53	104
53	123
53	126
53	134
53	149
53	180
53	181
53	182
53	183
53	185
53	187
53	188
53	189
53	190
53	191
53	192
53	193
53	194
53	196
53	197
53	198
53	202
53	205
53	207
53	208
53	284
54	56
54	58
54	59
54	90
54	123
54	139
54	181
54	182
54	183
54	185
54	186
54	189
54	190
54	191
54	194
54	198
54	199
54	203
54	205
54	208
54	209
54	272
55	58
55	59
55	106
55	111
55	126
55	127
55	131
55	132
55	135
55	137
55	140
55	149
55	180
55	181
55	182
55	183
55	184
55	185
55	186
55	187
55	189
55	191
55	192
55	195
55	196
55	198
55	199
55	202
55	209
56	58
56	90
56	121
56	125
56	136
56	180
56	182
56	183
56	184
56	185
56	186
56	188
56	190
56	194
56	198
56	206
56	207
56	208
56	286
56	291
57	59
57	120
57	121
57	122
57	123
57	126
57	133
57	140
57	180
57	181
57	183
57	187
57	188
57	190
57	192
57	193
57	194
57	195
57	198
57	199
57	204
57	205
57	207
57	208
57	298
57	299
58	107
58	110
58	122
58	123
58	139
58	146
58	148
58	149
58	181
58	184
58	186
58	189
58	190
58	192
58	194
58	197
58	198
58	201
58	204
58	206
58	208
58	209
58	272
59	99
59	120
59	125
59	139
59	143
59	181
59	183
59	184
59	186
59	188
59	189
59	191
59	192
59	193
59	194
59	196
59	203
59	206
59	207
59	208
59	209
60	61
60	63
60	66
60	67
60	70
60	71
60	72
60	74
60	75
60	76
60	77
60	79
60	80
60	81
60	82
60	83
60	84
60	86
60	87
60	89
60	121
60	123
60	126
60	134
60	141
60	157
60	162
60	187
60	196
60	197
60	200
60	206
60	217
60	218
60	221
60	222
60	232
60	235
61	63
61	65
61	68
61	69
61	70
61	72
61	74
61	75
61	76
61	78
61	80
61	81
61	82
61	83
61	84
61	85
61	86
61	87
61	88
61	89
61	123
61	124
61	127
61	143
61	152
61	164
61	171
61	178
61	182
61	188
61	192
61	193
61	195
61	198
61	210
61	211
61	213
61	214
61	215
61	217
61	222
61	225
61	230
61	231
61	237
61	238
62	64
62	65
62	66
62	67
62	68
62	69
62	70
62	72
62	73
62	74
62	75
62	80
62	81
62	82
62	83
62	84
62	86
62	88
62	89
62	123
62	129
62	142
62	161
62	172
62	180
62	185
62	187
62	193
62	199
62	204
62	206
62	214
62	215
62	216
62	218
62	220
62	222
62	224
62	230
62	235
63	64
63	65
63	66
63	67
63	68
63	69
63	71
63	72
63	73
63	74
63	75
63	76
63	77
63	78
63	80
63	82
63	83
63	84
63	85
63	86
63	126
63	135
63	143
63	149
63	176
63	177
63	180
63	181
63	191
63	192
63	198
63	199
63	200
63	202
63	207
63	211
63	214
63	220
63	227
63	231
63	233
63	236
64	67
64	70
64	72
64	76
64	78
64	79
64	80
64	83
64	85
64	87
64	88
64	126
64	128
64	129
64	144
64	147
64	160
64	173
64	176
64	178
64	182
64	183
64	185
64	197
64	198
64	204
64	205
64	212
64	213
64	214
64	215
64	219
64	220
64	223
64	224
64	228
64	232
64	236
64	239
65	68
65	69
65	74
65	76
65	77
65	78
65	79
65	82
65	84
65	85
65	86
65	87
65	88
65	89
65	142
65	143
65	144
65	168
65	179
65	186
65	193
65	197
65	198
65	202
65	212
65	214
65	215
65	216
65	218
65	220
65	227
65	230
65	232
65	235
66	67
66	69
66	70
66	71
66	72
66	73
66	74
66	75
66	76
66	77
66	78
66	79
66	80
66	81
66	83
66	86
66	88
66	89
66	121
66	127
66	151
66	170
66	179
66	192
66	201
66	203
66	205
66	208
66	211
66	214
66	218
66	226
66	227
66	233
67	68
67	69
67	70
67	71
67	72
67	74
67	75
67	76
67	77
67	78
67	79
67	80
67	81
67	82
67	84
67	85
67	86
67	87
67	90
67	121
67	124
67	126
67	129
67	132
67	141
67	163
67	164
67	175
67	189
67	190
67	191
67	202
67	204
67	208
67	212
67	213
67	214
67	216
67	218
67	224
67	226
67	235
67	236
67	237
68	69
68	70
68	71
68	73
68	74
68	75
68	76
68	77
68	78
68	80
68	83
68	84
68	85
68	86
68	89
68	126
68	128
68	130
68	134
68	135
68	137
68	143
68	146
68	187
68	191
68	194
68	204
68	210
68	218
68	220
68	226
68	227
68	228
69	72
69	73
69	74
69	75
69	76
69	77
69	79
69	80
69	81
69	82
69	83
69	85
69	86
69	87
69	125
69	127
69	144
69	159
69	160
69	165
69	166
69	186
69	187
69	192
69	196
69	202
69	203
69	213
69	214
69	220
69	229
69	230
69	231
69	235
69	237
70	77
70	78
70	79
70	81
70	82
70	89
70	118
70	125
70	133
70	136
70	152
70	163
70	173
70	193
70	205
70	213
70	214
70	215
70	224
70	230
70	233
70	234
71	72
71	73
71	74
71	76
71	77
71	78
71	79
71	80
71	83
71	84
71	85
71	86
71	89
71	121
71	123
71	138
71	142
71	143
71	145
71	149
71	151
71	163
71	176
71	186
71	194
71	196
71	206
71	211
71	212
71	221
71	224
71	226
71	229
71	232
71	237
71	238
71	239
72	75
72	76
72	77
72	78
72	79
72	80
72	82
72	83
72	84
72	85
72	86
72	87
72	88
72	120
72	126
72	131
72	133
72	136
72	137
72	142
72	145
72	147
72	171
72	198
72	210
72	213
72	214
72	220
72	221
72	227
72	231
72	238
73	75
73	76
73	78
73	79
73	81
73	83
73	84
73	85
73	86
73	87
73	121
73	126
73	149
73	163
73	166
73	181
73	186
73	193
73	200
73	215
73	217
73	219
73	221
73	223
73	226
73	237
73	238
73	239
74	75
74	77
74	79
74	80
74	81
74	82
74	83
74	84
74	86
74	87
74	170
74	190
74	197
74	204
74	207
74	209
74	210
74	211
74	212
74	223
74	224
74	228
74	239
75	76
75	77
75	78
75	80
75	82
75	83
75	84
75	87
75	88
75	122
75	124
75	134
75	137
75	144
75	182
75	186
75	188
75	198
75	211
75	213
75	214
75	215
75	223
75	224
75	225
75	226
75	227
75	233
75	235
75	238
76	77
76	78
76	79
76	80
76	81
76	82
76	83
76	84
76	85
76	88
76	89
76	141
76	144
76	160
76	162
76	165
76	197
76	202
76	204
76	205
76	207
76	212
76	223
76	224
76	229
76	236
76	238
77	78
77	79
77	80
77	81
77	82
77	83
77	84
77	85
77	86
77	87
77	88
77	129
77	132
77	137
77	147
77	172
77	187
77	190
77	191
77	198
77	203
77	216
77	217
77	219
77	221
77	223
77	224
77	226
77	230
77	235
77	236
77	238
77	239
78	79
78	80
78	82
78	84
78	85
78	86
78	87
78	88
78	89
78	120
78	121
78	132
78	140
78	146
78	147
78	149
78	153
78	154
78	171
78	188
78	194
78	195
78	206
78	212
78	213
78	216
78	218
78	220
78	221
78	223
78	228
78	231
78	232
78	234
78	235
78	237
78	238
78	239
79	80
79	81
79	82
79	84
79	85
79	86
79	88
79	89
79	123
79	144
79	148
79	152
79	166
79	179
79	183
79	206
79	210
79	221
79	231
79	232
79	234
79	237
80	83
80	84
80	85
80	86
80	88
80	89
80	137
80	143
80	144
80	147
80	175
80	183
80	184
80	186
80	188
80	204
80	206
80	208
80	210
80	213
80	215
80	220
80	230
80	232
81	82
81	83
81	85
81	86
81	87
81	88
81	89
81	122
81	125
81	134
81	140
81	147
81	169
81	185
81	188
81	190
81	193
81	204
81	211
81	217
81	218
81	222
81	224
81	228
81	231
81	233
81	238
82	83
82	84
82	86
82	88
82	123
82	134
82	135
82	144
82	146
82	162
82	172
82	190
82	195
82	199
82	203
82	205
82	208
82	209
82	210
82	212
82	227
82	231
82	232
82	233
82	235
82	236
82	237
83	84
83	87
83	89
83	130
83	134
83	141
83	144
83	147
83	150
83	170
83	173
83	175
83	182
83	184
83	187
83	192
83	198
83	201
83	210
83	214
83	215
83	216
83	217
83	224
83	234
83	235
83	237
84	85
84	86
84	88
84	123
84	135
84	140
84	184
84	195
84	209
84	212
84	213
84	217
84	219
84	220
84	223
84	224
84	226
84	227
84	232
84	235
84	237
85	87
85	88
85	89
85	133
85	141
85	145
85	154
85	158
85	168
85	184
85	185
85	187
85	199
85	200
85	206
85	208
85	209
85	211
85	212
85	221
85	226
85	230
85	236
85	237
86	87
86	88
86	120
86	123
86	130
86	132
86	142
86	148
86	154
86	163
86	165
86	168
86	180
86	181
86	191
86	204
86	211
86	214
86	229
86	232
86	234
86	236
87	88
87	89
87	123
87	130
87	135
87	138
87	140
87	141
87	147
87	174
87	182
87	186
87	187
87	196
87	198
87	199
87	202
87	204
87	208
87	226
87	227
87	233
87	235
87	237
87	238
88	89
88	124
88	129
88	131
88	138
88	152
88	156
88	161
88	166
88	170
88	179
88	181
88	192
88	196
88	199
88	207
88	208
88	213
88	214
88	217
88	218
88	221
88	226
88	228
88	231
88	232
88	233
88	235
88	237
88	239
89	125
89	142
89	148
89	152
89	182
89	183
89	195
89	196
89	199
89	210
89	221
89	223
89	233
89	234
90	91
90	93
90	94
90	96
90	97
90	98
90	99
90	100
90	101
90	102
90	107
90	109
90	110
90	111
90	112
90	113
90	114
90	115
90	116
90	117
90	118
90	119
90	120
90	121
90	122
90	123
90	124
90	127
90	130
90	132
90	135
90	142
90	144
90	146
90	148
90	149
90	273
90	274
90	281
90	282
90	287
90	288
90	292
90	295
91	92
91	93
91	94
91	96
91	98
91	99
91	100
91	102
91	103
91	104
91	106
91	107
91	110
91	111
91	112
91	113
91	117
91	118
91	128
91	134
91	137
91	139
91	140
91	273
91	274
91	276
91	278
91	282
91	285
91	287
91	288
91	289
91	290
91	293
91	295
91	299
92	93
92	94
92	95
92	97
92	98
92	99
92	100
92	101
92	102
92	103
92	104
92	105
92	106
92	107
92	108
92	109
92	110
92	111
92	113
92	114
92	115
92	116
92	117
92	118
92	119
92	120
92	121
92	125
92	129
92	131
92	134
92	135
92	140
92	141
92	143
92	144
92	145
92	147
92	273
92	281
92	283
92	284
92	287
92	288
92	290
92	291
92	292
93	94
93	96
93	97
93	98
93	99
93	101
93	103
93	104
93	105
93	106
93	107
93	108
93	109
93	110
93	111
93	113
93	114
93	115
93	123
93	125
93	127
93	128
93	129
93	132
93	135
93	136
93	138
93	139
93	140
93	141
93	144
93	149
93	272
93	274
93	277
93	278
93	283
93	285
93	287
93	288
93	295
93	297
93	299
94	95
94	96
94	100
94	101
94	103
94	107
94	108
94	109
94	110
94	111
94	112
94	113
94	115
94	122
94	127
94	133
94	136
94	138
94	139
94	144
94	148
94	272
94	273
94	277
94	279
94	283
94	290
94	295
94	298
94	299
95	96
95	97
95	99
95	100
95	102
95	105
95	107
95	109
95	110
95	111
95	112
95	114
95	115
95	117
95	118
95	123
95	124
95	126
95	129
95	131
95	132
95	133
95	134
95	135
95	139
95	140
95	141
95	146
95	148
95	273
95	279
95	283
95	284
96	97
96	100
96	101
96	102
96	103
96	104
96	106
96	109
96	112
96	113
96	114
96	115
96	117
96	119
96	127
96	129
96	130
96	138
96	142
96	143
96	144
96	148
96	270
96	271
96	275
96	278
96	279
96	280
96	281
96	283
96	287
96	290
96	291
96	298
96	299
97	99
97	100
97	101
97	104
97	105
97	107
97	108
97	109
97	110
97	111
97	112
97	113
97	114
97	115
97	117
97	120
97	124
97	125
97	126
97	127
97	128
97	129
97	130
97	134
97	136
97	137
97	138
97	141
97	270
97	274
97	281
97	282
97	283
97	292
97	296
98	102
98	104
98	105
98	106
98	108
98	109
98	110
98	111
98	112
98	114
98	115
98	116
98	117
98	119
98	122
98	126
98	128
98	131
98	133
98	135
98	138
98	140
98	145
98	146
98	148
98	149
98	271
98	274
98	275
98	277
98	278
98	279
98	285
98	286
98	288
98	290
98	294
98	295
98	298
99	100
99	102
99	104
99	106
99	107
99	108
99	109
99	110
99	112
99	116
99	117
99	119
99	124
99	127
99	129
99	131
99	132
99	133
99	135
99	138
99	141
99	145
99	149
99	270
99	272
99	273
99	279
99	281
99	287
99	288
99	289
99	297
99	298
100	101
100	102
100	103
100	105
100	106
100	107
100	108
100	109
100	111
100	112
100	113
100	114
100	116
100	117
100	119
100	120
100	121
100	124
100	125
100	126
100	128
100	129
100	130
100	134
100	138
100	139
100	141
100	142
100	144
100	146
100	270
100	278
100	279
100	290
100	296
101	102
101	103
101	105
101	106
101	109
101	110
101	111
101	112
101	114
101	115
101	116
101	117
101	118
101	119
101	120
101	122
101	124
101	131
101	132
101	141
101	142
101	148
101	270
101	272
101	273
101	276
101	281
101	285
101	288
101	289
101	292
101	293
102	103
102	104
102	105
102	107
102	111
102	112
102	113
102	114
102	115
102	116
102	117
102	119
102	120
102	121
102	122
102	125
102	129
102	135
102	136
102	137
102	145
102	146
102	148
102	270
102	272
102	276
102	278
102	282
102	284
102	286
102	289
102	291
102	293
102	295
102	296
102	297
102	298
103	104
103	105
103	106
103	108
103	109
103	110
103	114
103	121
103	123
103	124
103	125
103	127
103	129
103	130
103	132
103	133
103	134
103	135
103	136
103	140
103	141
103	145
103	147
103	272
103	274
103	276
103	280
103	281
103	282
103	283
103	284
103	286
103	288
103	296
103	297
104	105
104	106
104	107
104	108
104	109
104	110
104	112
104	113
104	115
104	116
104	117
104	118
104	119
104	122
104	126
104	129
104	131
104	135
104	137
104	138
104	139
104	149
104	271
104	272
104	278
104	279
104	280
104	282
104	289
104	291
104	293
104	296
104	299
105	106
105	107
105	108
105	110
105	111
105	112
105	114
105	115
105	116
105	117
105	121
105	126
105	128
105	129
105	132
105	135
105	139
105	143
105	144
105	145
105	146
105	148
105	270
105	271
105	272
105	276
105	282
105	290
105	291
105	292
105	293
105	297
105	299
106	110
106	111
106	115
106	117
106	119
106	120
106	123
106	124
106	126
106	127
106	130
106	131
106	132
106	139
106	140
106	141
106	142
106	146
106	149
106	277
106	278
106	279
106	282
106	285
106	286
106	289
106	295
106	299
107	109
107	112
107	113
107	114
107	115
107	116
107	117
107	118
107	119
107	120
107	123
107	124
107	127
107	129
107	130
107	131
107	132
107	134
107	137
107	138
107	140
107	143
107	145
107	147
107	148
107	270
107	271
107	274
107	277
107	278
107	279
107	281
107	283
107	286
107	287
107	288
107	292
107	295
107	296
107	297
107	299
108	109
108	110
108	111
108	113
108	114
108	116
108	117
108	119
108	122
108	123
108	124
108	125
108	126
108	127
108	134
108	136
108	137
108	138
108	139
108	144
108	146
108	147
108	148
108	271
108	277
108	278
108	280
108	282
108	283
108	289
108	290
108	294
108	297
108	298
108	299
109	110
109	111
109	113
109	114
109	116
109	117
109	118
109	119
109	121
109	122
109	129
109	130
109	132
109	133
109	134
109	137
109	139
109	144
109	145
109	270
109	277
109	278
109	283
109	285
109	287
109	288
109	291
109	292
109	293
109	294
109	295
110	112
110	113
110	114
110	118
110	120
110	121
110	124
110	126
110	128
110	139
110	143
110	144
110	145
110	146
110	147
110	149
110	270
110	274
110	275
110	277
110	278
110	281
110	283
110	287
110	293
111	112
111	113
111	115
111	116
111	117
111	118
111	119
111	120
111	121
111	123
111	129
111	130
111	131
111	140
111	144
111	147
111	277
111	278
111	281
111	290
111	292
111	293
111	297
112	114
112	116
112	118
112	119
112	124
112	127
112	128
112	129
112	132
112	137
112	140
112	141
112	144
112	145
112	149
112	270
112	279
112	285
112	286
112	289
112	295
112	298
113	114
113	115
113	117
113	119
113	120
113	121
113	122
113	124
113	126
113	129
113	135
113	136
113	137
113	138
113	139
113	141
113	143
113	146
113	148
113	149
113	274
113	279
113	281
113	283
113	284
113	287
113	288
113	291
113	296
113	298
114	115
114	116
114	117
114	118
114	119
114	120
114	125
114	126
114	127
114	129
114	130
114	131
114	136
114	140
114	146
114	275
114	276
114	278
114	291
114	293
114	295
114	297
115	116
115	117
115	118
115	119
115	120
115	121
115	126
115	127
115	129
115	131
115	135
115	138
115	140
115	142
115	143
115	146
115	147
115	148
115	149
115	271
115	272
115	274
115	282
115	285
115	289
115	290
115	291
115	295
115	296
115	297
116	117
116	118
116	119
116	121
116	131
116	133
116	134
116	135
116	136
116	139
116	141
116	143
116	145
116	146
116	148
116	149
116	270
116	273
116	275
116	279
116	286
116	287
116	288
116	293
116	295
116	297
117	118
117	119
117	120
117	121
117	125
117	133
117	135
117	137
117	140
117	141
117	142
117	143
117	144
117	145
117	149
117	271
117	272
117	273
117	274
117	280
117	286
117	288
117	290
117	292
117	295
118	122
118	124
118	128
118	130
118	135
118	136
118	144
118	147
118	148
118	149
118	274
118	275
118	276
118	283
118	285
118	289
118	294
118	297
119	121
119	122
119	127
119	132
119	136
119	137
119	138
119	139
119	140
119	141
119	142
119	143
119	146
119	147
119	272
119	277
119	278
119	280
119	287
119	292
119	294
120	121
120	122
120	123
120	124
120	125
120	128
120	129
120	130
120	131
120	134
120	135
120	136
120	137
120	138
120	140
120	142
120	143
120	144
120	146
120	147
120	148
120	149
121	122
121	123
121	125
121	128
121	129
121	130
121	132
121	134
121	135
121	136
121	137
121	138
121	140
121	144
121	146
121	147
121	148
121	149
121	292
122	125
122	126
122	129
122	131
122	132
122	133
122	134
122	136
122	137
122	138
122	139
122	140
122	141
122	143
122	144
122	145
122	147
122	148
122	294
123	124
123	125
123	126
123	128
123	130
123	131
123	132
123	133
123	134
123	135
123	136
123	137
123	139
123	141
123	144
123	146
123	149
123	184
123	199
123	282
124	126
124	127
124	128
124	130
124	131
124	132
124	133
124	134
124	136
124	137
124	138
124	139
124	140
124	141
124	142
124	143
124	144
124	146
124	147
124	148
125	126
125	128
125	131
125	132
125	133
125	134
125	136
125	137
125	138
125	139
125	141
125	142
125	143
125	144
125	146
125	147
126	127
126	128
126	130
126	131
126	132
126	133
126	136
126	138
126	140
126	141
126	142
126	146
126	148
126	149
127	128
127	129
127	131
127	132
127	133
127	134
127	135
127	136
127	137
127	138
127	140
127	141
127	142
127	144
127	145
127	146
127	147
128	129
128	130
128	133
128	134
128	136
128	138
128	139
128	140
128	141
128	143
128	145
128	147
128	148
128	149
128	279
128	293
129	130
129	132
129	134
129	135
129	138
129	139
129	140
129	141
129	143
129	144
129	147
129	148
129	149
130	131
130	134
130	136
130	138
130	139
130	140
130	141
130	142
130	143
130	146
130	148
130	149
131	132
131	133
131	134
131	138
131	139
131	140
131	141
131	143
131	144
131	146
131	148
131	149
132	134
132	137
132	139
132	140
132	141
132	143
132	147
132	148
132	149
132	274
133	134
133	135
133	136
133	137
133	139
133	141
133	142
133	144
133	145
133	146
133	148
133	149
134	136
134	137
134	138
134	139
134	140
134	141
134	142
134	143
134	144
134	146
134	147
134	149
134	275
134	295
135	138
135	141
135	142
135	144
135	145
135	146
135	147
135	148
135	149
136	137
136	138
136	139
136	140
136	142
136	143
136	144
136	145
136	146
137	138
137	139
137	141
137	142
137	143
137	144
137	146
137	149
138	139
138	140
138	141
138	142
138	143
138	146
138	147
138	148
138	149
138	275
139	143
139	144
139	145
139	146
139	147
139	148
139	149
139	270
140	143
140	145
140	146
140	147
140	149
141	142
141	143
141	144
141	147
141	148
142	143
142	144
142	145
142	147
142	148
142	149
142	279
142	299
143	144
143	145
143	146
143	147
143	148
143	149
143	282
143	296
144	145
144	147
144	148
144	149
145	147
145	148
145	149
146	148
147	148
148	149
150	151
150	152
150	153
150	154
150	155
150	156
150	157
150	158
150	161
150	162
150	164
150	166
150	167
150	168
150	170
150	171
150	172
150	174
150	175
150	176
150	177
150	240
150	241
150	244
150	245
150	246
150	248
150	253
150	254
150	255
150	256
150	257
150	259
150	260
150	261
150	262
150	263
150	265
150	266
150	268
150	269
150	299
151	152
151	153
151	155
151	156
151	160
151	161
151	162
151	163
151	164
151	167
151	169
151	170
151	171
151	172
151	173
151	174
151	176
151	240
151	241
151	243
151	244
151	246
151	247
151	248
151	249
151	250
151	251
151	253
151	254
151	255
151	256
151	258
151	259
151	261
151	264
151	265
151	266
151	267
151	268
152	153
152	154
152	157
152	158
152	159
152	160
152	163
152	164
152	165
152	167
152	169
152	170
152	171
152	172
152	174
152	175
152	177
152	240
152	241
152	242
152	245
152	246
152	247
152	250
152	251
152	252
152	254
152	255
152	257
152	258
152	260
152	261
152	262
152	266
152	267
152	268
153	155
153	157
153	158
153	159
153	160
153	164
153	165
153	167
153	168
153	170
153	171
153	172
153	173
153	174
153	175
153	176
153	177
153	178
153	179
153	240
153	243
153	244
153	246
153	247
153	248
153	250
153	251
153	253
153	254
153	255
153	257
153	258
153	260
153	261
153	262
153	263
153	265
153	266
153	267
153	269
154	156
154	157
154	158
154	159
154	161
154	162
154	164
154	165
154	166
154	170
154	171
154	173
154	175
154	177
154	241
154	242
154	247
154	251
154	252
154	254
154	255
154	256
154	261
154	262
154	263
154	264
154	266
154	267
154	268
154	269
155	158
155	159
155	161
155	162
155	163
155	164
155	165
155	168
155	170
155	171
155	172
155	173
155	175
155	177
155	178
155	179
155	240
155	241
155	246
155	247
155	248
155	251
155	253
155	254
155	255
155	256
155	257
155	259
155	262
155	263
155	266
155	267
155	269
156	157
156	161
156	162
156	164
156	167
156	168
156	169
156	171
156	173
156	174
156	175
156	176
156	177
156	178
156	179
156	241
156	242
156	243
156	245
156	247
156	248
156	249
156	250
156	251
156	252
156	253
156	254
156	255
156	256
156	259
156	261
156	262
156	264
156	267
156	268
156	269
157	158
157	160
157	161
157	162
157	163
157	164
157	165
157	166
157	168
157	169
157	170
157	171
157	173
157	174
157	178
157	179
157	241
157	244
157	245
157	247
157	248
157	249
157	251
157	252
157	254
157	256
157	257
157	258
157	259
157	261
157	262
157	264
157	265
157	266
157	267
157	268
157	269
158	160
158	161
158	162
158	163
158	164
158	165
158	166
158	168
158	170
158	171
158	173
158	174
158	176
158	177
158	178
158	179
158	240
158	243
158	244
158	246
158	249
158	250
158	251
158	252
158	253
158	254
158	255
158	256
158	261
158	263
158	264
158	265
158	268
158	283
158	294
159	160
159	162
159	163
159	164
159	165
159	167
159	168
159	169
159	170
159	171
159	173
159	174
159	175
159	177
159	178
159	241
159	243
159	245
159	246
159	247
159	248
159	250
159	251
159	252
159	253
159	255
159	256
159	257
159	258
159	259
159	262
159	263
159	265
159	266
159	267
159	268
159	269
160	162
160	165
160	166
160	168
160	169
160	171
160	172
160	174
160	175
160	176
160	177
160	178
160	179
160	240
160	244
160	246
160	247
160	248
160	249
160	250
160	251
160	252
160	254
160	256
160	257
160	260
160	261
160	263
160	265
160	268
160	289
161	162
161	164
161	165
161	166
161	168
161	169
161	170
161	175
161	177
161	178
161	179
161	240
161	241
161	242
161	243
161	244
161	245
161	246
161	247
161	249
161	250
161	254
161	256
161	257
161	258
161	259
161	260
161	261
161	262
161	263
161	264
161	265
161	266
161	267
161	268
161	282
162	164
162	165
162	166
162	167
162	169
162	170
162	172
162	173
162	174
162	175
162	176
162	177
162	178
162	179
162	241
162	242
162	243
162	244
162	245
162	249
162	250
162	251
162	253
162	254
162	255
162	256
162	257
162	258
162	259
162	260
162	261
162	262
162	263
162	264
162	266
162	267
162	268
162	269
162	275
163	165
163	166
163	167
163	168
163	169
163	170
163	171
163	172
163	174
163	176
163	177
163	179
163	240
163	241
163	243
163	244
163	246
163	247
163	248
163	249
163	250
163	252
163	253
163	254
163	257
163	260
163	261
163	263
163	266
164	165
164	166
164	167
164	168
164	169
164	170
164	171
164	172
164	173
164	174
164	176
164	199
164	242
164	243
164	245
164	247
164	249
164	250
164	251
164	252
164	253
164	254
164	255
164	256
164	257
164	259
164	260
164	263
164	264
164	265
164	266
164	267
164	268
164	269
164	297
165	167
165	168
165	171
165	173
165	175
165	176
165	179
165	241
165	243
165	244
165	247
165	251
165	252
165	254
165	255
165	256
165	258
165	259
165	260
165	261
165	263
165	266
165	267
165	268
165	269
165	284
166	168
166	169
166	170
166	171
166	172
166	173
166	174
166	175
166	176
166	241
166	242
166	243
166	244
166	245
166	247
166	248
166	251
166	253
166	254
166	255
166	256
166	258
166	259
166	260
166	262
166	263
166	264
166	265
166	266
166	268
166	269
166	270
166	277
167	168
167	169
167	171
167	172
167	173
167	174
167	175
167	176
167	177
167	178
167	179
167	240
167	241
167	242
167	244
167	245
167	247
167	249
167	251
167	253
167	254
167	255
167	256
167	258
167	260
167	261
167	262
167	263
167	264
167	267
167	268
167	269
167	288
168	169
168	170
168	171
168	172
168	173
168	174
168	176
168	177
168	178
168	240
168	241
168	244
168	245
168	246
168	248
168	249
168	251
168	252
168	253
168	256
168	258
168	259
168	266
168	267
168	269
169	170
169	171
169	172
169	176
169	177
169	178
169	240
169	242
169	244
169	245
169	246
169	248
169	251
169	252
169	253
169	254
169	255
169	256
169	258
169	260
169	262
169	263
169	264
169	265
169	266
169	267
169	269
170	171
170	172
170	173
170	177
170	178
170	241
170	243
170	245
170	248
170	249
170	250
170	252
170	255
170	257
170	258
170	259
170	264
170	266
170	267
170	269
171	172
171	173
171	176
171	178
171	240
171	241
171	242
171	243
171	244
171	245
171	246
171	247
171	248
171	250
171	251
171	252
171	253
171	256
171	257
171	258
171	261
171	263
171	264
171	266
171	269
172	173
172	174
172	177
172	178
172	179
172	240
172	241
172	242
172	243
172	244
172	245
172	248
172	249
172	251
172	253
172	255
172	256
172	257
172	258
172	259
172	262
172	263
172	264
172	265
172	266
172	267
172	268
172	269
172	282
173	174
173	175
173	177
173	178
173	179
173	241
173	242
173	245
173	246
173	247
173	248
173	250
173	253
173	257
173	258
173	261
173	262
173	263
173	265
173	266
173	267
173	269
173	289
174	175
174	176
174	177
174	178
174	179
174	240
174	241
174	242
174	243
174	244
174	246
174	248
174	249
174	250
174	251
174	253
174	254
174	257
174	262
174	263
174	265
174	267
174	268
174	269
175	176
175	177
175	178
175	241
175	243
175	244
175	245
175	246
175	247
175	250
175	251
175	252
175	253
175	256
175	257
175	258
175	259
175	260
175	262
175	265
175	266
175	268
175	269
175	276
176	177
176	178
176	240
176	241
176	242
176	243
176	244
176	246
176	247
176	248
176	249
176	251
176	252
176	253
176	254
176	256
176	257
176	258
176	259
176	261
176	262
176	263
176	264
176	265
176	267
176	268
176	295
177	178
177	240
177	241
177	242
177	243
177	244
177	245
177	247
177	248
177	249
177	250
177	251
177	253
177	254
177	255
177	256
177	257
177	258
177	259
177	260
177	261
177	262
177	264
177	266
177	268
177	272
177	281
177	294
178	179
178	242
178	245
178	247
178	248
178	249
178	250
178	251
178	254
178	255
178	256
178	257
178	258
178	259
178	260
178	261
178	262
178	263
178	264
178	267
178	268
178	269
178	282
178	283
179	240
179	241
179	242
179	243
179	245
179	246
179	247
179	248
179	249
179	250
179	251
179	252
179	253
179	255
179	256
179	257
179	258
179	260
179	261
179	262
179	263
179	264
179	266
179	267
179	268
179	269
179	289
179	293
180	181
180	182
180	183
180	184
180	185
180	186
180	188
180	189
180	191
180	192
180	193
180	195
180	196
180	197
180	200
180	201
180	202
180	203
180	204
180	206
180	207
180	208
180	209
180	253
180	258
180	268
181	182
181	184
181	186
181	188
181	190
181	191
181	192
181	195
181	196
181	197
181	198
181	200
181	201
181	202
181	205
181	207
181	209
181	240
181	247
181	254
181	257
181	260
181	265
181	266
182	183
182	184
182	185
182	186
182	190
182	191
182	193
182	194
182	195
182	196
182	198
182	199
182	200
182	201
182	203
182	204
182	207
182	252
183	184
183	185
183	186
183	187
183	188
183	189
183	190
183	191
183	192
183	193
183	195
183	197
183	198
183	199
183	201
183	202
183	204
183	205
183	206
183	207
183	208
183	242
183	248
183	258
183	263
183	264
184	185
184	186
184	188
184	189
184	190
184	193
184	194
184	196
184	199
184	200
184	202
184	203
184	204
184	205
184	206
184	207
184	209
184	255
184	258
184	264
184	267
185	187
185	188
185	189
185	190
185	191
185	192
185	193
185	194
185	196
185	198
185	199
185	201
185	202
185	203
185	204
185	206
185	207
185	208
185	209
185	260
186	188
186	189
186	193
186	194
186	196
186	197
186	198
186	199
186	200
186	201
186	204
186	205
186	207
186	208
186	209
186	256
187	189
187	190
187	191
187	192
187	193
187	194
187	195
187	196
187	198
187	199
187	203
187	204
187	206
187	207
187	208
187	209
187	267
187	268
188	189
188	190
188	192
188	194
188	195
188	196
188	197
188	200
188	203
188	204
188	205
188	207
188	208
188	250
188	262
188	263
189	190
189	195
189	196
189	197
189	198
189	200
189	202
189	204
189	206
189	208
189	255
189	266
190	191
190	193
190	194
190	195
190	198
190	199
190	200
190	201
190	202
190	203
190	204
190	205
190	206
190	255
190	256
191	192
191	193
191	194
191	195
191	196
191	198
191	199
191	200
191	201
191	202
191	203
191	204
191	205
191	206
191	208
191	209
191	256
192	193
192	194
192	196
192	197
192	201
192	202
192	203
192	205
192	206
192	207
192	209
192	246
192	262
192	266
192	267
193	194
193	195
193	196
193	197
193	198
193	200
193	201
193	203
193	204
193	205
193	206
193	209
193	244
193	246
193	262
194	196
194	198
194	199
194	200
194	201
194	203
194	204
194	205
194	206
194	207
194	208
194	209
194	248
194	267
195	196
195	197
195	199
195	203
195	205
195	206
195	207
195	209
195	243
195	249
195	267
196	197
196	199
196	200
196	202
196	203
196	204
196	205
196	207
196	208
196	250
196	264
197	199
197	201
197	202
197	203
197	204
197	206
197	207
197	209
197	258
198	199
198	200
198	201
198	207
198	208
198	243
198	261
198	262
199	201
199	202
199	207
199	208
199	209
199	263
200	201
200	202
200	203
200	204
200	206
200	207
200	209
200	250
201	202
201	204
201	205
201	206
201	207
201	209
201	242
201	254
201	260
202	203
202	204
202	205
202	206
202	207
202	209
202	267
203	206
203	207
203	255
203	260
203	262
203	265
203	266
203	269
204	205
204	206
204	207
204	208
204	241
204	245
204	246
204	250
204	262
204	266
205	207
205	208
205	209
205	265
205	267
206	207
206	208
206	244
206	260
206	262
206	266
207	208
207	209
207	244
207	247
207	260
207	262
208	209
208	246
208	255
208	258
208	268
209	241
209	246
209	251
209	258
210	211
210	212
210	213
210	215
210	216
210	217
210	218
210	219
210	220
210	221
210	222
210	223
210	225
210	228
210	229
210	230
210	232
210	233
210	234
210	235
210	239
210	277
210	279
210	280
210	286
210	289
211	213
211	215
211	216
211	219
211	220
211	221
211	222
211	224
211	225
211	226
211	229
211	232
211	233
211	234
211	235
211	237
211	238
211	271
211	274
211	279
211	285
211	289
211	293
212	213
212	214
212	216
212	217
212	218
212	220
212	222
212	224
212	225
212	226
212	227
212	230
212	231
212	233
212	235
212	236
212	237
212	238
212	239
212	247
212	272
212	275
212	276
212	280
212	286
212	287
212	296
212	299
213	214
213	215
213	216
213	218
213	219
213	220
213	221
213	222
213	223
213	225
213	226
213	227
213	229
213	230
213	231
213	232
213	234
213	235
213	236
213	237
213	238
213	270
213	276
213	279
213	285
213	287
213	288
213	298
214	216
214	217
214	220
214	221
214	222
214	223
214	224
214	225
214	226
214	227
214	228
214	231
214	232
214	233
214	234
214	235
214	236
214	237
214	238
214	270
214	279
214	281
214	285
215	216
215	217
215	218
215	221
215	227
215	228
215	230
215	233
215	235
215	236
215	237
215	239
215	270
215	272
215	286
215	292
215	295
215	296
215	299
216	217
216	219
216	220
216	222
216	223
216	225
216	227
216	229
216	230
216	231
216	232
216	233
216	236
216	237
216	238
216	239
216	279
216	280
216	284
216	285
216	286
216	290
216	297
216	298
217	218
217	219
217	221
217	222
217	223
217	224
217	225
217	231
217	232
217	233
217	236
217	237
217	238
217	239
217	260
217	270
217	271
217	272
217	275
217	282
217	283
217	287
217	292
217	293
217	294
217	295
217	297
217	298
218	219
218	220
218	221
218	222
218	223
218	224
218	226
218	227
218	228
218	230
218	231
218	232
218	233
218	234
218	235
218	236
218	237
218	248
218	275
218	278
218	286
219	220
219	221
219	222
219	224
219	225
219	227
219	228
219	229
219	230
219	231
219	232
219	233
219	234
219	235
219	236
219	237
219	238
219	271
219	277
219	279
219	284
219	288
219	293
220	222
220	223
220	227
220	230
220	231
220	233
220	234
220	235
220	236
220	238
220	239
220	276
220	280
220	286
220	295
221	222
221	224
221	225
221	226
221	227
221	228
221	231
221	232
221	236
221	238
221	239
221	272
221	276
221	285
221	290
221	295
221	298
222	223
222	226
222	227
222	231
222	232
222	233
222	235
222	236
222	237
222	238
222	239
222	272
222	274
222	278
222	279
222	281
222	285
222	288
222	293
222	296
222	299
223	225
223	226
223	227
223	230
223	231
223	233
223	234
223	235
223	236
223	238
223	239
223	299
224	226
224	227
224	228
224	229
224	230
224	231
224	233
224	234
224	237
224	238
224	271
224	285
224	291
224	295
225	226
225	228
225	229
225	230
225	231
225	232
225	233
225	234
225	235
225	236
225	237
225	239
225	270
225	272
225	274
225	286
225	295
226	227
226	229
226	230
226	231
226	232
226	233
226	234
226	235
226	236
226	237
226	238
226	239
226	282
226	284
226	295
226	299
227	228
227	229
227	230
227	233
227	234
227	235
227	236
227	237
227	238
227	278
227	280
227	284
227	293
228	229
228	230
228	231
228	233
228	234
228	236
228	237
228	238
228	239
228	270
228	272
228	273
228	285
228	293
228	297
228	298
229	232
229	235
229	236
229	238
229	275
229	291
229	293
229	294
230	231
230	233
230	234
230	235
230	236
230	237
230	238
230	269
230	270
230	272
230	284
230	292
231	233
231	234
231	237
231	238
231	239
231	273
231	275
231	278
231	294
232	233
232	234
232	236
232	238
232	270
232	271
232	277
232	293
233	234
233	235
233	238
233	270
233	272
233	274
233	275
233	278
233	283
233	286
233	291
233	297
234	236
234	237
234	238
234	239
234	270
234	275
234	278
234	282
234	284
234	290
234	291
234	296
234	297
235	238
235	243
235	272
235	283
235	285
235	296
236	237
236	239
236	254
236	271
236	277
236	291
236	293
236	298
237	272
237	283
237	284
237	285
237	293
237	297
238	239
238	271
238	272
238	285
238	295
238	296
238	298
238	299
239	270
239	271
239	273
239	274
239	280
239	288
239	298
240	241
240	242
240	243
240	244
240	245
240	247
240	249
240	251
240	252
240	253
240	256
240	258
240	259
240	260
240	261
240	263
240	264
240	265
240	268
240	269
241	242
241	244
241	245
241	246
241	249
241	250
241	251
241	252
241	253
241	254
241	256
241	258
241	259
241	260
241	261
241	264
241	265
241	266
241	267
241	268
242	243
242	245
242	246
242	247
242	250
242	252
242	253
242	255
242	256
242	257
242	258
242	260
242	261
242	262
242	263
242	264
242	265
242	266
242	268
242	269
243	244
243	246
243	248
243	249
243	252
243	254
243	255
243	256
243	260
243	261
243	263
243	264
243	265
243	266
243	267
243	269
244	247
244	248
244	249
244	251
244	252
244	253
244	254
244	257
244	260
244	264
244	265
244	266
244	268
244	269
245	246
245	247
245	248
245	249
245	250
245	251
245	252
245	253
245	256
245	257
245	258
245	259
245	261
245	262
245	263
245	265
245	266
245	267
245	268
245	269
246	247
246	251
246	255
246	256
246	258
246	259
246	261
246	262
246	265
246	266
246	267
247	248
247	249
247	250
247	253
247	254
247	255
247	258
247	259
247	260
247	261
247	265
247	266
247	267
247	268
248	249
248	250
248	251
248	252
248	253
248	254
248	256
248	257
248	258
248	260
248	261
248	262
248	263
248	264
248	265
248	266
248	267
249	250
249	251
249	252
249	253
249	254
249	256
249	257
249	258
249	259
249	260
249	261
249	262
249	263
249	264
249	265
249	266
249	267
250	251
250	253
250	254
250	255
250	256
250	258
250	260
250	262
250	263
250	264
250	266
250	269
251	252
251	253
251	255
251	256
251	258
251	259
251	261
251	262
251	263
251	264
251	265
251	268
251	269
252	253
252	254
252	255
252	259
252	260
252	261
252	262
252	263
252	265
252	267
252	268
252	269
253	255
253	256
253	257
253	258
253	259
253	260
253	265
253	266
253	267
253	268
254	255
254	257
254	261
254	263
254	268
254	269
255	256
255	257
255	258
255	259
255	260
255	264
255	265
255	268
256	257
256	259
256	260
256	261
256	262
256	263
256	264
256	265
256	268
256	269
257	258
257	261
257	262
257	263
257	265
257	267
257	268
258	260
258	261
258	262
258	263
258	264
258	265
258	266
258	267
258	269
259	260
259	261
259	262
259	263
259	265
259	266
259	267
259	268
259	269
260	261
260	262
260	263
260	264
260	265
260	269
261	262
261	263
261	266
261	268
261	269
262	263
262	264
262	265
262	266
262	267
262	268
262	269
263	264
263	265
263	266
263	267
263	268
263	269
264	265
264	266
264	267
265	266
265	267
265	268
266	267
266	269
267	268
267	269
268	269
270	273
270	274
270	275
270	276
270	280
270	281
270	282
270	285
270	287
270	289
270	290
270	291
270	292
270	293
270	294
270	295
270	296
270	298
271	273
271	274
271	278
271	279
271	281
271	282
271	283
271	284
271	285
271	286
271	287
271	289
271	291
271	294
271	296
271	297
271	298
271	299
272	273
272	274
272	275
272	276
272	278
272	280
272	283
272	288
272	289
272	291
272	292
272	293
272	294
272	297
272	298
272	299
273	274
273	276
273	277
273	278
273	279
273	280
273	281
273	282
273	284
273	285
273	287
273	290
273	291
273	293
273	294
273	296
273	297
273	298
273	299
274	275
274	276
274	277
274	278
274	279
274	280
274	281
274	282
274	284
274	285
274	288
274	290
274	291
274	292
274	293
274	294
274	295
274	296
274	297
274	298
274	299
275	276
275	278
275	280
275	281
275	282
275	283
275	284
275	285
275	288
275	289
275	290
275	293
275	294
275	295
275	297
275	298
275	299
276	277
276	278
276	279
276	280
276	282
276	283
276	284
276	287
276	290
276	291
276	293
276	294
276	295
276	296
276	298
277	281
277	282
277	284
277	287
277	288
277	289
277	290
277	291
277	292
277	293
277	294
277	295
277	296
277	298
277	299
278	279
278	280
278	283
278	285
278	286
278	287
278	288
278	290
278	293
278	295
278	296
278	297
278	298
278	299
279	280
279	282
279	283
279	286
279	289
279	290
279	291
279	292
279	293
279	294
279	295
279	296
279	298
280	281
280	283
280	284
280	287
280	288
280	290
280	291
280	294
280	295
280	296
280	297
280	298
280	299
281	283
281	287
281	288
281	289
281	290
281	291
281	292
281	293
281	294
281	295
281	296
281	297
281	298
282	285
282	287
282	289
282	290
282	291
282	292
282	293
282	294
282	295
282	296
282	298
282	299
283	284
283	285
283	286
283	290
283	292
283	294
283	295
283	296
283	297
283	298
283	299
284	285
284	286
284	287
284	288
284	289
284	290
284	292
284	294
284	295
284	297
284	299
285	286
285	290
285	291
285	292
285	293
285	297
285	298
286	287
286	288
286	289
286	290
286	291
286	292
286	293
286	295
286	296
286	297
286	298
287	288
287	289
287	290
287	292
287	294
287	296
287	297
287	298
287	299
288	289
288	290
288	291
288	294
288	295
288	296
288	297
288	299
289	290
289	292
289	295
289	296
289	297
289	298
290	291
290	292
290	293
290	294
290	296
290	298
290	299
291	293
291	294
291	295
291	296
291	297
291	298
292	293
292	294
292	295
292	296
292	297
292	298
292	299
293	294
293	295
293	297
293	298
293	299
294	295
294	296
294	298
295	298
296	298
297	298
297	299
298	299
