# k = 3
# N = 300
# alpha = 2
# beta = 0.0714285714286
# gamma = 0.2
# Qe = 0.6
#	FromNodeId	ToNodeId0	2
0	8
0	23
0	54
0	56
0	68
0	70
0	86
0	95
1	18
1	30
1	39
1	44
1	53
1	56
1	57
1	69
1	78
1	80
1	86
1	94
2	4
2	30
2	45
2	51
2	54
2	61
2	68
2	79
2	84
2	89
2	97
3	7
3	19
3	27
3	28
3	30
3	39
3	44
3	46
3	51
4	28
4	32
4	34
4	64
5	16
5	18
5	33
5	34
5	38
5	67
5	76
5	83
5	89
5	96
6	22
6	35
6	40
6	66
6	74
6	81
6	86
6	87
6	93
6	97
7	11
7	32
7	39
7	41
7	46
7	55
7	65
7	73
7	91
8	21
8	22
8	34
8	44
8	62
8	73
8	77
8	88
8	232
9	12
9	17
9	38
9	44
9	58
9	67
9	81
9	91
10	20
10	34
10	39
10	58
10	62
10	63
10	78
10	96
11	48
11	56
11	74
11	75
11	78
11	90
12	32
12	67
12	93
12	98
13	35
13	49
13	69
13	70
13	79
13	80
13	90
13	91
13	94
13	99
14	32
14	40
14	45
14	46
14	54
14	57
14	79
14	80
15	22
15	37
15	43
15	49
15	61
15	63
15	94
15	96
16	21
16	34
16	37
16	42
16	51
16	53
16	56
16	75
16	77
16	87
17	23
17	27
17	30
17	31
17	37
17	63
17	78
17	86
17	95
18	29
18	33
18	35
18	58
18	64
18	69
18	81
18	82
18	85
19	20
19	25
19	51
19	55
19	57
19	60
19	69
19	84
20	29
20	35
20	45
20	55
20	62
20	85
20	91
21	29
21	31
21	33
21	85
21	94
21	96
22	77
22	86
22	88
22	126
23	28
23	37
23	39
23	47
23	57
23	64
23	70
23	79
23	94
24	27
24	44
24	48
24	76
24	92
24	97
25	27
25	32
25	34
25	56
25	60
25	80
26	40
26	45
26	68
26	76
26	94
27	48
27	52
27	53
27	74
27	79
27	98
28	30
28	32
28	33
28	40
28	48
28	54
28	65
28	78
28	85
28	91
29	41
29	45
29	47
29	49
29	55
29	68
29	85
29	86
29	98
30	31
30	35
30	45
30	46
30	48
30	52
30	56
30	67
30	77
30	91
30	92
30	99
31	35
31	72
31	81
31	82
31	95
31	266
32	54
32	59
32	74
32	82
32	83
33	44
33	48
33	54
33	65
33	69
33	71
33	84
33	92
33	95
33	98
34	45
34	57
34	87
34	98
35	45
35	47
35	52
35	57
35	64
35	69
35	76
35	80
35	88
35	196
36	53
36	54
36	71
36	75
37	42
37	47
37	60
37	64
37	70
37	74
37	89
38	52
38	81
38	114
38	285
39	53
39	57
39	60
39	65
39	70
39	72
39	73
39	95
39	96
39	130
40	87
40	99
40	211
41	46
41	62
41	64
41	67
41	79
41	95
41	105
41	184
42	48
42	53
42	55
42	77
42	87
42	88
43	44
43	53
43	57
43	58
43	61
43	68
43	69
43	73
43	80
43	83
43	98
44	49
44	65
44	86
45	58
45	60
45	70
45	77
45	83
45	136
46	50
46	55
46	73
46	77
46	78
46	82
46	97
47	52
47	53
47	58
48	61
48	76
48	95
49	54
49	56
49	58
49	78
49	115
50	74
50	131
51	52
51	58
51	67
51	80
51	91
51	96
51	97
51	266
52	55
52	59
52	70
52	72
52	75
52	91
52	256
52	281
53	58
53	63
53	87
53	93
53	99
54	74
54	93
54	95
55	69
55	72
55	77
55	90
55	91
55	92
55	108
56	62
56	66
56	86
57	69
58	68
58	81
59	60
60	68
61	73
61	86
61	122
62	82
62	84
62	85
62	86
62	96
63	83
63	283
64	76
64	77
64	87
64	92
65	68
65	81
65	87
66	68
66	72
66	92
66	258
67	69
67	75
67	95
67	214
68	76
68	81
68	132
69	84
69	88
70	75
70	77
70	98
71	77
71	81
71	84
71	87
72	92
73	76
73	87
74	78
74	80
75	91
75	97
75	99
76	84
76	91
77	80
77	87
77	167
77	184
79	97
79	116
80	81
82	84
82	212
83	85
83	86
84	89
84	94
85	88
86	95
86	96
87	92
87	96
88	91
88	97
88	247
90	221
91	171
92	98
92	99
95	151
95	248
97	265
100	110
100	121
100	137
100	148
100	161
100	169
100	191
101	103
101	105
101	123
101	126
101	130
101	131
101	140
101	143
101	144
101	149
101	157
101	162
101	194
102	105
102	106
102	108
102	131
102	144
102	166
102	170
102	189
103	106
103	110
103	135
103	136
103	152
103	155
103	175
103	193
103	194
104	107
104	116
104	118
104	129
104	139
104	144
104	146
104	189
105	108
105	135
105	141
105	147
105	166
105	180
105	193
105	195
105	197
106	108
106	117
106	118
106	127
106	162
106	166
106	181
106	191
106	197
107	121
107	142
107	155
107	159
107	167
107	175
107	186
107	194
108	127
108	142
108	149
108	159
108	164
108	165
108	171
108	176
108	187
109	114
109	134
109	162
109	179
109	197
109	199
110	118
110	121
110	129
110	137
110	157
110	164
111	115
111	118
111	125
111	129
111	130
111	133
112	118
112	120
112	132
112	146
112	150
112	151
112	164
112	165
112	190
112	193
112	207
113	129
113	141
113	144
113	150
113	165
113	168
113	172
113	196
114	145
114	158
114	163
114	166
114	169
114	185
114	194
115	124
115	137
115	139
115	144
115	179
115	186
115	190
115	191
115	197
116	117
116	120
116	121
116	124
116	127
116	135
116	166
116	191
117	119
117	124
117	127
117	137
117	139
117	141
117	156
117	166
117	187
117	188
118	155
118	165
118	166
118	170
118	186
118	199
119	121
119	131
119	133
119	137
119	138
119	149
119	161
119	185
119	193
120	137
120	139
120	145
120	155
120	156
120	163
120	168
120	173
120	175
120	180
120	181
120	189
120	194
120	198
120	199
121	122
121	124
121	134
121	138
121	153
121	163
121	169
121	172
121	183
121	190
121	197
122	146
122	151
122	152
122	160
122	172
122	178
122	190
122	193
123	143
123	144
123	154
123	155
123	168
124	140
124	153
124	160
124	169
124	174
124	175
124	177
124	191
125	140
125	146
125	149
125	157
125	159
125	161
125	165
125	191
126	127
126	135
126	154
126	173
126	179
126	198
127	130
127	141
127	158
127	162
127	163
127	165
127	178
127	192
127	197
128	129
128	143
128	161
128	167
128	168
128	169
128	170
128	176
128	191
128	199
129	170
129	173
129	180
130	131
130	133
130	149
130	152
130	167
130	183
130	227
131	132
131	141
131	150
131	151
131	164
131	187
131	188
131	190
131	198
132	151
132	162
132	196
132	198
132	199
133	191
134	137
134	147
134	151
134	153
134	186
134	249
134	289
135	139
135	153
135	156
135	160
135	161
135	179
135	182
135	278
136	158
136	174
136	197
137	138
137	142
137	156
137	159
137	170
137	178
137	181
137	185
137	196
138	159
138	163
138	180
138	182
138	185
138	191
138	198
139	144
139	158
139	165
139	175
139	178
140	141
140	153
140	176
140	186
140	188
141	150
141	171
141	187
141	193
141	282
142	144
142	157
142	174
142	189
142	196
143	151
143	180
143	185
144	147
144	160
144	176
144	242
145	147
145	155
145	156
145	159
145	162
145	187
145	193
146	151
146	187
146	189
147	154
147	161
147	192
147	196
147	199
148	185
149	151
149	160
149	165
149	171
149	187
150	168
150	171
150	173
150	218
151	168
151	175
151	181
152	153
152	187
153	154
153	179
153	191
153	283
155	162
155	184
155	188
155	190
155	198
156	174
156	189
156	191
156	197
157	173
157	188
158	162
158	163
158	170
158	180
158	181
158	197
159	171
159	178
159	180
159	183
159	185
159	198
160	186
161	165
161	176
161	189
162	178
162	185
162	188
162	195
162	198
163	192
163	199
164	165
164	167
164	169
165	181
165	184
165	191
165	197
166	180
166	184
166	192
166	193
167	179
168	181
169	171
169	176
169	191
170	186
170	190
170	194
170	196
171	173
171	179
171	185
172	190
172	262
173	175
173	176
173	177
173	179
173	198
174	192
174	193
176	196
178	179
178	183
178	186
178	191
179	181
179	195
179	211
180	181
180	193
181	195
182	192
182	197
184	195
184	278
185	189
185	191
185	199
186	188
186	191
186	192
186	208
187	188
187	196
187	197
188	197
189	192
191	197
191	225
192	197
193	195
194	197
194	244
200	202
200	206
200	208
200	209
200	212
200	213
200	240
200	299
201	203
201	204
201	209
201	210
201	220
201	245
201	256
201	268
201	299
202	220
202	223
202	244
202	264
202	266
202	296
203	222
203	262
203	275
203	276
203	277
203	296
204	205
204	210
204	220
204	224
204	227
204	235
204	244
204	253
204	279
204	283
204	295
204	297
205	206
205	239
205	244
205	251
205	262
206	210
206	225
206	229
206	246
206	263
206	269
206	274
206	288
206	295
207	211
207	212
207	213
207	214
207	217
207	224
207	230
207	234
207	252
207	261
207	269
207	274
207	276
207	283
207	284
207	299
208	210
208	211
208	215
208	238
208	245
208	246
208	250
208	261
208	262
208	285
208	295
209	213
209	214
209	222
209	225
209	229
209	257
209	264
209	267
209	276
209	294
210	212
210	216
210	226
210	234
210	235
210	252
210	281
210	292
210	295
210	296
210	298
211	227
211	228
211	235
211	239
211	246
211	247
211	249
211	274
211	289
212	218
212	224
212	236
212	238
212	246
212	261
212	265
212	267
212	268
212	283
212	289
212	291
212	293
213	216
213	224
213	225
213	234
213	238
213	240
213	246
213	261
213	263
213	279
213	298
214	216
214	224
214	291
214	299
215	222
215	265
215	275
215	281
215	286
215	287
215	299
216	239
216	249
216	261
216	263
216	269
216	281
216	284
216	287
216	296
216	299
217	222
217	259
217	262
217	272
217	273
217	284
218	229
218	248
218	253
218	264
218	265
218	275
218	276
218	277
218	278
218	279
219	233
219	237
219	241
219	244
219	247
219	265
219	266
219	279
220	237
220	243
220	251
220	252
220	263
220	266
220	267
220	270
220	285
221	225
221	256
221	273
222	226
222	232
222	239
222	266
223	231
223	233
223	238
223	243
223	254
223	260
223	267
223	274
223	282
223	284
223	285
223	296
223	297
224	230
224	245
224	247
224	250
224	256
224	258
224	284
224	295
225	239
225	241
225	252
225	253
225	287
226	237
226	271
226	293
226	297
227	238
228	254
228	265
228	266
228	285
228	290
229	249
229	253
229	276
229	277
229	285
229	288
229	296
230	247
230	279
230	288
231	237
231	258
231	283
232	234
232	254
232	259
232	284
233	261
233	267
233	272
233	275
233	288
233	294
234	271
234	274
234	284
234	295
234	297
235	244
235	249
235	268
235	273
235	292
236	270
236	272
236	284
237	249
237	275
237	276
237	283
237	290
237	295
238	240
238	247
238	248
238	276
238	277
238	286
239	244
239	256
239	257
239	260
239	270
239	284
241	255
241	257
241	259
241	260
241	261
241	282
241	295
242	255
242	256
242	261
242	289
243	247
243	257
243	274
243	286
243	289
243	293
243	298
244	263
244	269
244	286
244	290
245	260
245	281
245	294
245	295
246	250
246	260
246	288
247	259
247	261
247	265
248	273
248	298
249	257
249	268
249	274
249	275
249	277
249	287
249	293
250	286
250	289
250	291
250	298
251	260
251	266
251	294
251	297
252	258
252	263
252	284
252	299
253	281
253	298
254	265
254	280
254	287
254	291
254	293
255	282
255	287
256	264
256	287
256	299
257	259
257	265
257	280
257	285
257	290
257	293
257	299
258	281
258	292
258	295
259	275
259	286
259	299
260	275
260	278
260	286
260	289
261	262
261	265
261	268
261	279
261	291
262	263
262	275
262	293
262	294
262	297
263	278
263	279
264	275
264	288
265	266
265	267
265	268
265	282
265	288
266	283
266	294
266	298
267	278
267	293
267	295
268	277
268	279
268	291
268	298
269	270
269	276
269	277
269	286
269	288
270	273
270	282
270	289
271	289
272	275
272	278
273	280
273	299
274	278
274	281
274	287
274	293
275	276
275	277
275	284
275	291
275	293
276	281
276	287
276	288
276	292
277	286
277	293
279	285
279	292
279	294
279	295
280	288
280	299
281	292
282	298
283	293
284	288
285	298
286	291
286	297
287	288
289	297
291	293
291	296
291	299
293	294
293	299
294	299
295	298
295	299
296	299
