# k = 3
# N = 300
# alpha = 2
# beta = 1.14285714286
# gamma = 0.2
# Qe = 0.8
#	FromNodeId	ToNodeId0	3
0	11
0	17
0	20
0	43
0	81
0	83
0	86
0	92
0	96
0	98
1	15
1	23
1	31
1	53
1	74
1	86
1	87
1	91
1	93
1	166
1	201
2	3
2	20
2	31
2	47
2	50
2	51
2	55
2	62
2	67
2	68
2	69
2	85
2	183
3	15
3	28
3	29
3	52
3	58
3	63
3	78
3	87
4	19
4	29
4	53
4	62
4	76
4	90
4	92
4	94
4	95
4	99
4	280
5	9
5	37
5	38
5	49
5	66
5	70
5	75
5	88
6	14
6	35
6	37
6	59
6	71
6	88
6	97
7	12
7	13
7	15
7	21
7	33
7	35
7	56
7	69
7	82
7	83
8	23
8	24
8	27
8	47
8	59
8	61
8	65
8	93
8	94
9	14
9	25
9	39
9	54
9	62
9	69
9	88
9	110
10	22
10	32
10	46
10	52
10	75
10	76
10	95
11	28
11	31
11	36
11	45
11	50
11	53
11	63
11	73
11	74
11	77
11	81
11	113
12	17
12	48
12	49
12	59
12	62
12	67
12	78
12	85
13	21
13	24
13	37
13	41
13	54
13	56
13	66
13	77
13	79
14	54
14	58
14	59
14	64
14	92
14	95
14	277
15	16
15	33
15	35
15	40
15	42
15	93
15	95
16	48
16	68
16	71
16	80
16	82
16	83
16	89
16	90
16	94
17	18
17	22
17	23
17	35
17	56
17	66
17	69
17	70
17	76
17	99
17	115
17	241
18	45
18	49
18	55
18	61
18	62
18	65
18	81
18	86
18	87
19	23
19	26
19	40
19	41
19	51
19	73
20	26
20	34
20	38
20	39
20	41
20	82
20	95
21	23
21	24
21	27
21	51
21	77
21	108
22	24
22	55
22	87
22	89
23	40
23	50
23	52
23	58
23	60
23	67
23	80
23	82
23	95
23	187
23	206
24	33
24	38
24	80
24	91
24	92
24	98
25	26
25	41
25	42
25	47
25	49
25	67
25	69
25	87
25	92
25	96
25	98
25	125
26	29
26	32
26	34
26	37
26	44
26	60
26	63
26	72
26	84
26	87
26	94
26	95
26	96
27	40
27	41
27	45
27	62
27	68
27	75
27	156
27	171
28	34
28	71
28	78
28	89
28	90
29	32
29	46
29	66
29	78
29	85
29	92
29	95
30	41
30	47
30	55
30	80
30	86
30	98
31	37
31	38
31	57
31	84
32	40
32	50
32	55
32	60
32	121
32	176
33	51
33	69
33	79
33	81
33	93
33	99
34	42
34	49
34	65
34	76
34	83
34	96
35	66
35	68
35	76
35	82
36	49
36	51
36	56
36	58
36	62
36	84
36	202
36	295
37	43
37	45
37	251
37	256
38	46
38	72
38	79
38	84
38	99
38	208
39	68
39	75
39	91
39	94
40	44
40	92
41	54
41	60
41	68
41	78
41	162
41	192
42	43
42	45
42	50
42	63
42	78
42	92
42	94
42	216
43	45
43	49
43	55
43	61
43	75
43	77
43	83
43	84
43	85
44	58
44	70
44	74
44	84
44	98
44	111
45	48
45	64
45	67
45	68
45	85
45	194
46	61
46	64
46	69
46	72
46	297
47	53
47	62
47	65
47	75
47	76
47	79
47	89
47	92
47	251
48	62
48	78
48	90
48	96
48	230
49	64
49	70
49	79
49	90
49	164
50	51
50	58
50	64
50	68
50	87
50	90
50	99
51	58
51	74
51	87
52	70
52	77
53	63
53	76
53	85
53	97
53	191
54	97
54	98
54	235
55	63
55	84
55	97
55	141
55	255
56	62
56	64
56	69
56	89
57	66
57	87
57	95
57	115
58	60
58	71
58	86
58	88
59	70
59	71
59	93
60	64
60	80
60	82
60	88
61	85
61	120
61	157
62	68
62	74
62	75
62	79
62	93
62	95
64	73
64	77
64	79
64	84
64	99
65	68
65	73
65	74
65	80
65	89
65	261
66	70
66	77
66	91
67	77
67	82
69	90
69	93
70	82
70	83
70	87
70	279
71	74
71	75
71	76
71	78
71	93
71	96
71	99
72	81
72	85
72	90
72	144
72	250
73	81
73	262
74	79
74	92
74	94
75	77
75	83
75	247
76	77
76	88
76	99
77	83
77	88
78	89
79	80
79	81
80	93
80	97
80	98
81	82
81	86
81	92
81	228
82	96
82	97
83	91
83	228
84	98
86	90
86	259
87	271
88	102
89	90
89	146
89	271
90	97
91	92
92	244
93	106
93	237
94	141
97	99
98	147
100	116
100	122
100	123
100	141
100	142
100	143
100	146
100	155
100	168
100	189
100	257
100	294
101	119
101	121
101	122
101	124
101	130
101	133
101	142
101	146
101	171
101	212
101	224
101	234
101	243
101	296
102	112
102	120
102	147
102	149
102	169
102	176
102	184
102	185
102	198
102	225
102	255
102	273
102	291
103	110
103	129
103	130
103	132
103	139
103	143
103	146
103	159
103	186
103	214
103	255
104	127
104	142
104	179
104	195
104	203
104	234
104	266
104	268
104	277
104	284
104	288
105	112
105	114
105	124
105	139
105	143
105	144
105	145
105	149
105	160
105	166
105	169
105	175
105	191
105	195
105	198
105	200
105	202
105	218
105	242
105	265
105	266
105	295
105	297
106	118
106	129
106	130
106	135
106	148
106	188
106	231
106	235
106	245
107	143
107	151
107	161
107	163
107	176
107	205
107	230
107	232
107	236
107	264
107	295
108	128
108	129
108	132
108	133
108	143
108	161
108	162
108	164
108	165
108	176
108	179
108	189
108	191
108	195
108	198
108	204
108	250
108	265
108	290
109	117
109	132
109	138
109	144
109	155
109	161
109	179
109	225
109	261
110	119
110	121
110	140
110	145
110	148
110	221
110	232
110	274
110	281
111	116
111	122
111	126
111	137
111	139
111	142
111	157
111	181
111	183
111	187
111	194
111	206
111	209
111	237
111	246
111	270
111	282
111	283
112	136
112	138
112	140
112	142
112	163
112	164
112	165
112	181
112	197
112	218
112	220
112	226
112	236
113	139
113	141
113	152
113	154
113	165
113	179
113	184
113	193
113	206
113	243
113	256
114	122
114	130
114	132
114	133
114	135
114	140
114	146
114	153
114	154
114	158
114	177
114	188
114	202
114	212
114	232
114	257
114	286
114	291
115	121
115	141
115	143
115	167
115	239
115	253
115	254
115	256
115	293
115	298
116	132
116	152
116	166
116	172
116	176
116	179
116	189
116	196
116	246
116	264
116	267
116	268
116	299
117	125
117	147
117	171
117	200
117	241
117	245
117	247
117	266
117	284
117	291
118	122
118	143
118	144
118	156
118	186
118	199
118	206
118	232
118	295
119	123
119	147
119	149
119	152
119	158
119	172
119	173
119	194
119	195
119	204
119	216
119	220
119	237
119	260
119	277
120	123
120	137
120	154
120	157
120	174
120	179
120	194
120	202
120	210
120	221
120	250
120	257
120	260
120	272
121	171
121	196
121	212
121	223
121	286
122	136
122	140
122	141
122	154
122	156
122	161
122	189
122	200
122	218
122	222
122	224
122	273
123	135
123	143
123	154
123	159
123	169
123	221
123	240
123	244
123	268
123	285
124	129
124	150
124	153
124	154
124	179
124	186
124	249
124	264
124	277
125	137
125	150
125	156
125	157
125	159
125	178
125	215
125	216
125	219
125	273
126	179
126	191
126	195
126	207
126	211
126	297
127	134
127	137
127	147
127	148
127	173
127	178
127	187
127	192
127	232
127	238
127	240
127	253
127	260
127	267
127	280
127	284
128	136
128	143
128	148
128	152
128	174
128	178
128	196
128	235
128	236
129	142
129	147
129	158
129	173
129	175
129	183
129	189
129	193
129	206
129	208
129	210
129	244
129	274
129	285
129	296
130	140
130	152
130	156
130	181
130	184
130	191
130	193
130	196
130	230
130	265
130	267
131	157
131	159
131	162
131	198
131	214
131	234
131	283
131	289
132	133
132	134
132	135
132	140
132	141
132	153
132	170
132	174
132	178
132	195
132	223
132	239
132	247
132	248
132	254
132	292
132	293
133	156
133	175
133	185
133	192
133	239
134	147
134	154
134	181
134	241
134	295
135	136
135	157
135	159
135	168
135	171
135	181
135	193
135	215
135	216
135	277
136	142
136	145
136	155
136	159
136	165
136	178
136	187
136	191
136	215
136	252
136	261
136	271
137	144
137	147
137	151
137	153
137	155
137	157
137	162
137	170
137	171
137	186
137	199
137	238
137	246
137	247
137	266
137	279
137	285
137	289
137	291
137	297
138	155
138	160
138	167
138	180
138	186
138	198
138	212
138	249
138	260
138	275
138	281
139	153
139	159
139	182
139	183
139	185
139	192
139	206
139	213
139	217
139	241
139	274
140	166
140	168
140	170
140	222
140	287
141	158
141	165
141	175
141	218
141	228
141	256
141	262
141	271
141	284
142	145
142	150
142	151
142	177
142	181
142	184
142	197
142	203
142	205
142	207
142	241
142	242
142	243
142	244
142	247
142	282
142	285
142	297
143	147
143	194
143	200
143	217
143	225
143	227
143	250
143	271
143	292
143	297
144	152
144	160
144	163
144	180
144	182
144	195
144	226
144	230
144	231
144	251
144	269
144	294
144	295
145	148
145	149
145	155
145	158
145	171
145	181
145	194
145	204
145	215
145	221
145	222
145	223
145	226
145	232
145	233
145	268
146	151
146	171
146	204
146	226
146	284
147	164
147	168
147	171
147	189
147	192
147	212
147	215
147	281
148	155
148	157
148	166
148	177
148	185
148	203
148	234
148	243
148	248
148	279
148	292
148	298
149	155
149	162
149	173
149	181
149	189
149	198
149	201
149	253
149	276
149	278
150	175
150	182
150	184
150	185
150	198
150	201
150	214
150	248
150	283
150	288
151	152
151	169
151	175
151	177
151	187
151	190
151	192
151	213
151	222
151	252
151	268
151	273
151	276
151	284
152	167
152	175
152	192
152	201
152	224
152	244
152	256
152	269
152	292
152	297
153	180
153	261
153	285
154	155
154	158
154	168
154	179
154	180
154	191
154	201
154	241
154	251
154	269
154	285
154	291
155	165
155	170
155	182
155	197
155	211
155	212
155	222
155	254
156	188
156	193
156	197
156	221
156	228
156	258
156	279
156	299
157	158
157	185
157	190
157	205
157	255
157	265
157	279
158	161
158	167
158	185
158	187
158	193
158	253
158	256
158	275
158	277
158	289
158	291
159	161
159	180
159	183
159	191
159	200
159	224
159	241
159	245
159	278
160	164
160	178
160	182
160	186
160	209
160	221
160	225
160	239
160	247
160	249
160	252
160	288
161	184
161	185
161	198
161	223
161	262
161	266
161	275
161	290
161	293
161	295
162	164
162	168
162	184
162	206
162	212
162	223
162	239
162	259
162	272
162	295
162	296
163	170
163	172
163	174
163	183
163	185
163	188
163	196
163	201
163	240
164	166
164	195
164	214
164	215
164	238
164	242
164	270
164	299
165	169
165	174
165	198
165	209
165	248
165	277
165	280
165	281
165	299
166	198
166	210
166	212
166	218
166	227
166	234
166	240
166	289
166	298
167	170
167	186
167	190
167	193
167	197
167	213
167	255
167	256
167	262
167	266
167	274
168	175
168	188
168	192
168	201
168	209
168	227
168	230
168	253
168	263
168	284
168	297
168	299
169	176
169	179
169	184
169	202
169	211
169	225
169	242
169	265
169	267
169	288
170	174
170	178
170	182
170	189
170	197
170	241
170	251
170	254
170	261
170	284
171	174
171	193
171	196
171	204
171	207
171	220
171	228
171	236
171	245
171	248
171	262
171	268
172	175
172	193
172	197
172	198
172	236
173	180
173	209
173	223
173	242
173	294
174	192
174	225
174	237
174	241
175	191
175	201
175	211
175	216
175	224
175	225
175	267
175	277
175	290
175	294
175	299
176	192
176	196
176	201
176	204
176	229
176	251
176	267
176	285
176	295
177	187
177	195
177	285
177	287
177	293
178	189
179	180
179	190
179	195
179	199
179	253
179	278
180	192
180	198
180	226
180	268
180	276
180	291
180	292
181	195
181	197
181	203
182	192
182	214
182	222
182	226
182	237
182	244
182	299
183	184
183	187
183	192
183	210
183	297
184	185
184	192
184	199
184	232
184	273
184	282
184	296
185	211
185	229
185	236
185	254
185	277
186	188
186	192
186	226
186	242
186	250
186	252
186	257
186	293
187	238
187	255
187	274
187	288
188	212
189	195
189	235
189	251
189	298
190	218
190	221
190	240
190	253
190	258
191	195
191	230
191	279
191	287
192	205
192	216
192	218
192	235
192	243
192	264
193	209
193	234
193	246
193	247
193	265
193	283
194	211
194	216
194	228
194	248
194	268
194	283
194	286
195	253
195	271
195	285
195	286
196	216
196	228
196	246
197	231
197	248
198	223
198	225
198	241
198	251
198	271
199	229
199	285
200	208
200	210
200	212
200	213
200	238
200	257
200	271
200	273
200	284
200	285
201	204
201	205
201	213
201	219
201	240
201	241
201	256
201	258
201	269
201	281
201	282
201	283
201	288
201	292
201	295
202	207
202	247
202	261
202	264
202	284
202	296
203	205
203	207
203	217
203	239
203	242
203	247
203	249
203	262
203	299
204	209
204	211
204	221
204	231
204	278
204	283
204	297
205	211
205	213
205	217
205	231
205	233
205	246
205	259
206	240
206	271
206	275
206	283
206	288
207	244
207	255
207	267
207	281
207	283
207	290
207	298
208	209
208	210
208	212
208	215
208	218
208	243
208	246
208	250
208	269
208	273
209	213
209	218
209	222
209	226
209	230
209	248
209	253
209	261
209	272
209	275
209	290
210	213
210	222
210	241
210	246
210	254
210	262
210	277
210	280
210	296
210	298
211	217
211	231
211	234
211	237
211	252
211	256
212	220
212	222
212	230
212	231
212	237
212	250
212	256
212	265
212	275
212	297
213	214
213	225
213	230
213	234
213	258
213	266
213	290
213	297
213	298
213	299
214	219
214	256
214	280
214	281
214	293
215	225
215	226
215	235
215	236
215	274
215	283
215	284
215	289
215	293
215	295
216	227
216	245
216	249
216	277
216	278
216	280
217	230
217	235
217	238
217	251
217	255
217	266
217	292
218	233
218	237
218	246
218	273
218	286
218	288
219	227
219	246
219	253
219	259
219	263
219	298
220	229
220	230
220	237
220	239
220	249
220	268
220	296
221	239
221	268
221	269
221	279
221	282
221	284
221	297
222	244
222	245
222	254
222	297
223	228
223	229
223	231
223	232
223	243
223	261
223	270
223	271
223	278
223	286
224	228
224	243
224	247
224	253
224	258
224	260
224	270
224	282
224	286
224	298
225	233
225	237
225	238
225	285
226	228
226	240
226	246
226	250
226	260
226	271
227	248
227	252
227	283
228	231
228	235
228	238
228	243
228	248
228	250
228	282
229	234
229	251
229	253
229	269
229	281
229	283
230	231
230	236
230	238
230	246
230	253
230	278
230	284
230	290
230	298
231	252
231	253
231	263
231	287
231	294
231	296
232	234
232	241
232	249
232	250
232	271
232	291
232	292
232	296
233	246
233	252
233	262
233	285
233	290
233	292
234	238
234	246
234	250
234	258
234	283
234	286
235	248
235	293
236	269
236	298
237	240
237	254
237	261
237	282
238	245
238	269
238	294
238	298
238	299
239	274
239	299
240	254
240	276
240	286
240	291
240	295
240	297
241	244
241	253
241	259
241	264
241	284
241	288
241	291
242	252
242	255
242	263
242	271
242	286
242	291
242	296
243	262
243	263
243	265
243	272
243	278
243	294
243	295
244	274
244	277
244	278
244	287
244	288
244	292
244	295
245	268
245	296
246	260
246	262
246	271
246	272
246	279
246	291
246	298
247	259
247	265
247	270
247	281
247	282
247	287
247	291
248	257
248	269
248	273
248	275
248	276
248	281
248	288
249	250
249	255
249	257
249	273
249	276
249	278
249	281
250	255
250	282
250	285
250	292
250	297
251	279
251	281
251	293
251	295
252	254
252	261
252	262
252	290
253	266
253	284
254	266
254	268
254	278
255	260
255	265
255	270
255	298
256	277
256	279
256	289
257	286
257	289
257	291
257	296
258	270
258	273
258	277
259	261
259	263
259	264
259	267
259	274
259	281
259	298
260	293
260	296
260	297
261	265
261	294
261	295
262	292
263	267
264	270
264	271
264	273
264	281
264	290
264	299
265	279
265	296
266	275
266	286
266	294
266	298
267	269
267	277
267	280
267	291
267	296
268	292
269	271
269	280
269	289
270	281
270	283
270	299
271	273
271	276
271	285
271	297
272	278
272	288
272	294
273	274
273	289
274	298
275	279
275	295
276	282
276	283
276	289
276	296
277	280
277	283
277	297
278	284
280	293
281	292
282	284
283	284
283	288
283	293
283	294
283	297
284	297
284	299
285	286
287	294
288	294
289	298
290	292
291	296
291	298
295	299
