# k = 10
# N = 300
# alpha = 2
# beta = 1.0
# gamma = 0.4
# Qe = 0.4
#	FromNodeId	ToNodeId0	1
0	3
0	13
0	14
0	16
0	20
0	24
0	69
0	71
0	73
1	3
1	15
1	16
1	24
1	28
1	29
1	74
1	75
1	76
1	258
2	8
2	26
2	62
2	65
2	73
2	80
2	85
3	9
3	15
3	17
3	19
3	72
4	7
4	11
4	16
4	27
4	29
4	61
4	83
4	86
4	88
4	111
5	10
5	22
5	63
5	72
5	78
5	87
5	100
6	22
6	24
6	63
6	260
7	9
7	10
7	16
7	20
7	21
7	24
7	26
7	28
7	40
7	80
8	9
8	19
8	21
8	22
8	23
8	24
8	26
8	61
8	89
9	18
9	19
9	29
9	64
9	85
9	250
10	17
10	18
10	22
10	23
10	24
10	26
10	27
10	61
10	64
10	82
11	15
11	16
11	18
11	25
11	44
11	65
11	82
11	84
12	22
12	28
12	74
12	79
13	16
13	29
13	79
14	16
14	17
14	22
14	24
14	27
14	29
14	43
14	70
14	73
14	85
15	19
15	20
15	21
15	22
15	26
15	64
15	70
15	81
15	113
16	18
16	19
16	24
16	25
16	62
16	70
16	74
16	76
16	80
17	19
17	21
17	63
17	70
17	85
18	27
18	77
18	81
19	29
19	87
19	88
20	23
20	24
20	65
21	23
21	25
21	63
21	71
21	73
21	87
22	23
22	64
22	72
22	85
22	89
23	24
24	29
24	66
24	84
24	86
24	99
25	26
25	66
25	77
26	71
26	81
27	29
27	70
27	72
27	75
27	83
28	29
28	59
28	69
28	72
28	73
29	66
29	67
29	101
30	37
30	38
30	45
30	47
30	58
30	130
30	169
30	171
31	40
31	42
31	43
31	47
31	49
31	56
31	127
31	158
31	188
32	47
32	54
32	191
33	39
33	45
33	47
33	128
33	163
33	171
33	173
33	216
33	263
34	36
34	37
34	42
34	45
34	56
34	58
34	176
34	207
34	261
35	36
35	37
35	41
35	47
35	48
35	50
35	157
35	187
35	195
35	199
35	202
35	225
36	37
36	38
36	42
36	47
36	51
36	179
36	180
36	181
36	189
36	190
36	204
37	39
37	42
37	47
37	55
38	40
38	44
38	48
38	50
38	57
38	150
38	152
39	42
39	47
39	50
39	52
39	53
39	57
39	59
39	137
39	167
39	189
39	208
40	45
40	56
40	132
40	180
40	204
41	42
41	44
41	58
41	126
41	208
42	45
42	48
42	50
42	54
42	56
42	57
42	126
42	192
42	201
43	47
43	55
43	168
43	195
44	45
44	46
44	49
44	56
44	133
44	169
44	182
45	47
45	53
45	55
45	184
46	48
46	50
46	54
46	55
46	146
47	51
47	54
47	181
47	195
48	50
48	56
48	59
48	150
48	206
49	52
49	53
49	54
49	56
49	58
49	59
49	180
50	57
50	58
50	127
50	150
50	172
51	121
51	169
52	53
52	168
52	208
53	55
53	58
53	121
53	123
54	150
55	192
55	206
56	138
56	157
56	172
56	182
56	196
56	207
57	142
57	170
57	177
57	178
57	225
58	59
58	167
58	172
58	192
58	193
58	200
58	216
59	151
59	163
59	202
60	64
60	65
61	62
61	63
61	66
61	68
61	69
61	81
61	88
62	66
62	68
62	73
62	89
63	75
63	78
63	89
64	69
64	72
64	76
64	77
64	79
64	83
64	84
64	88
64	214
65	67
65	70
65	71
65	73
65	76
65	82
65	85
66	73
66	76
66	82
66	89
67	72
67	79
67	80
67	220
67	253
68	71
68	75
68	79
68	83
68	102
69	70
69	71
69	74
69	75
69	79
69	84
69	85
69	88
69	242
69	281
70	72
70	77
70	87
70	89
71	76
71	80
71	81
72	83
72	85
72	253
73	74
73	81
73	82
73	87
73	89
74	76
74	81
74	82
75	76
75	84
75	86
76	77
76	82
76	85
76	86
77	78
77	79
77	86
78	82
78	84
79	82
79	83
80	81
80	82
80	87
80	250
81	86
81	88
82	87
83	85
84	85
85	98
85	217
86	89
88	232
89	251
90	101
90	106
90	111
90	112
90	118
90	119
90	248
90	274
91	95
91	96
91	102
91	103
91	105
91	115
91	220
91	241
91	260
92	103
92	105
92	111
92	117
92	264
93	95
93	97
93	105
93	108
93	110
93	118
93	251
93	265
93	273
93	274
93	289
93	298
94	98
94	100
94	110
94	111
94	112
94	246
94	275
94	283
95	101
95	107
95	243
95	295
96	100
96	106
96	111
96	112
96	113
96	269
96	274
96	292
97	98
97	101
97	105
97	115
97	247
97	252
97	280
98	100
98	104
98	110
98	112
98	116
98	251
98	293
99	101
99	102
99	103
99	113
99	116
99	271
99	277
99	287
100	103
100	108
100	119
100	243
100	280
100	297
101	106
101	110
101	115
101	118
101	242
101	243
101	245
101	259
101	274
101	288
102	111
102	112
102	113
102	116
102	117
102	118
102	119
102	251
102	272
102	275
102	297
102	298
103	113
103	116
103	119
103	284
103	286
104	107
104	112
104	113
104	243
104	257
104	278
104	292
105	110
105	116
105	270
105	292
106	107
106	109
106	112
106	113
106	118
106	283
106	296
106	298
107	117
107	250
107	251
107	255
107	257
107	282
107	289
108	113
108	119
108	267
108	291
109	112
109	113
109	188
109	266
110	113
110	116
110	119
110	261
110	285
111	114
111	118
111	146
111	248
111	274
112	116
112	251
113	115
113	116
113	265
113	297
114	118
114	240
114	277
114	280
114	296
114	299
115	117
117	243
117	252
117	278
117	290
118	291
118	292
118	297
120	121
120	122
120	125
120	129
120	132
120	134
120	140
120	146
120	185
120	219
120	235
120	242
121	122
121	129
121	146
121	147
121	148
121	188
121	220
121	256
121	257
122	124
122	133
122	142
122	146
122	226
122	241
122	246
123	129
123	136
123	137
123	138
123	146
123	149
123	202
123	254
123	256
123	259
124	132
124	134
124	138
124	143
124	146
124	247
124	265
125	126
125	127
125	128
125	137
125	143
125	147
125	190
125	193
125	247
125	250
125	252
125	260
125	262
126	127
126	132
126	140
126	141
126	145
126	186
126	224
126	250
127	136
127	138
127	141
127	230
127	233
127	246
127	263
128	137
128	148
128	260
129	130
129	131
129	135
129	141
129	142
129	149
129	186
129	191
129	194
129	236
129	243
129	251
129	264
129	269
130	132
130	145
130	147
130	149
131	135
131	141
131	142
131	148
132	137
132	147
132	250
132	251
133	137
133	148
134	147
134	149
135	137
135	138
135	149
135	191
135	258
136	147
136	149
136	254
136	260
136	266
137	139
137	141
137	145
137	146
137	149
137	220
137	253
137	264
138	143
138	145
138	249
139	143
139	146
139	147
139	196
139	208
139	263
140	141
140	218
140	253
140	255
141	143
141	145
141	147
141	148
141	221
141	248
141	249
141	253
142	145
143	144
143	146
143	260
143	261
144	148
144	191
145	148
145	262
146	184
146	262
147	149
147	204
148	221
149	198
149	207
149	244
149	246
149	253
150	158
150	165
150	166
150	170
150	175
150	179
150	200
150	219
150	221
151	152
151	156
151	159
151	167
151	175
151	176
151	178
151	183
152	156
152	158
152	159
152	161
152	163
152	167
152	172
152	176
152	178
152	208
153	163
153	166
153	174
153	176
154	157
154	160
154	168
154	171
154	176
154	221
154	226
155	156
155	158
155	165
155	169
155	204
155	214
156	168
156	170
156	172
156	177
156	224
156	236
157	159
157	163
157	173
157	175
157	225
158	159
158	165
158	179
158	212
158	216
158	217
158	230
158	231
158	238
159	165
159	170
159	175
159	176
159	179
159	215
159	224
160	162
160	173
160	178
160	179
160	187
160	210
160	221
161	167
161	170
161	233
162	164
162	173
162	220
162	222
162	253
163	165
163	174
163	179
164	166
164	171
164	172
164	174
164	175
164	178
164	211
164	231
165	170
165	210
166	167
166	169
166	174
166	175
166	179
166	216
166	218
166	221
166	223
166	232
166	237
166	238
167	168
167	169
167	219
167	237
167	238
168	171
168	173
168	178
169	171
169	172
169	176
169	195
169	205
169	224
170	175
170	217
171	175
171	236
172	173
172	176
172	178
172	233
173	174
173	178
173	212
175	176
175	217
175	218
175	232
175	233
175	235
176	216
176	235
177	210
177	216
178	190
178	215
178	221
178	226
179	227
180	181
180	182
180	188
180	190
180	196
180	297
181	182
181	185
181	187
181	190
181	192
181	200
181	207
181	209
182	197
182	206
182	207
183	184
183	193
183	209
184	203
185	188
185	189
185	190
185	194
185	207
186	188
186	200
186	202
186	207
186	220
186	287
187	188
187	189
187	194
187	195
187	197
187	198
187	207
187	270
187	291
188	190
188	193
188	200
188	208
188	289
188	298
189	194
189	195
189	200
189	205
189	208
190	198
190	207
190	208
190	272
191	200
191	209
191	274
191	276
191	288
192	194
192	196
192	201
192	206
192	293
192	294
193	195
193	196
193	200
193	202
194	201
194	202
194	209
194	279
194	282
195	197
195	199
195	201
195	279
196	200
196	203
196	204
196	207
196	208
196	209
196	283
197	206
197	207
197	209
197	278
197	294
197	298
198	201
198	206
198	208
199	202
199	204
199	205
199	209
199	284
200	201
201	203
201	285
202	203
202	283
203	207
203	209
204	207
204	209
204	282
205	207
206	208
207	208
207	285
208	229
208	299
209	277
210	211
210	223
210	225
210	227
210	229
210	238
210	239
210	288
211	212
211	215
211	223
211	225
211	231
211	236
211	238
211	273
212	230
212	285
212	295
213	214
213	217
213	219
213	226
213	228
213	229
213	233
213	238
214	216
214	222
214	228
214	229
214	239
215	219
215	221
215	227
215	229
215	295
216	221
216	222
216	235
216	236
216	238
216	281
217	239
218	225
218	232
218	238
219	225
219	228
219	232
219	236
220	221
220	224
220	226
220	229
220	230
220	231
220	236
221	222
221	223
221	224
221	234
222	227
222	229
222	230
222	234
222	235
223	227
223	236
223	238
223	239
223	293
224	226
224	239
224	280
225	226
225	229
225	236
226	235
226	236
226	277
227	230
227	232
227	234
227	237
227	286
228	231
228	233
228	237
229	232
229	233
229	235
230	239
230	298
231	239
233	235
233	237
233	286
234	239
235	238
235	239
235	281
237	238
237	278
237	287
240	245
240	254
241	242
241	250
241	254
241	263
241	264
241	266
241	267
241	268
242	245
242	246
242	248
242	251
242	253
242	255
242	261
242	262
242	265
242	267
242	268
243	246
243	248
243	250
243	252
243	262
243	268
244	247
244	252
244	254
244	256
244	257
244	259
245	250
245	253
245	255
245	264
246	251
246	256
247	253
247	255
247	264
247	265
247	268
248	249
248	250
248	255
248	262
248	264
248	269
249	253
249	254
249	257
249	260
250	251
250	252
250	256
250	258
251	259
251	261
251	265
251	267
251	269
252	257
252	264
253	254
253	262
253	268
254	259
254	265
255	261
256	263
256	264
257	260
257	261
257	268
258	261
258	263
258	264
259	261
259	267
260	261
260	263
261	262
261	264
264	266
264	267
265	269
266	267
267	268
269	298
270	274
270	281
270	283
271	273
271	275
271	284
271	287
271	290
271	297
272	278
272	279
272	283
272	286
272	290
272	291
272	293
272	299
273	278
273	289
273	291
273	299
274	277
274	286
274	289
274	290
274	295
274	299
275	276
275	278
275	285
275	292
275	294
276	281
276	288
276	291
276	296
276	298
277	279
277	281
277	287
277	292
277	296
277	297
278	279
278	283
278	286
278	287
278	288
278	291
278	293
279	280
279	283
279	288
279	298
280	281
280	284
280	285
280	286
280	291
280	292
280	293
281	286
281	293
282	295
283	285
283	289
283	290
284	292
284	296
284	299
285	287
285	291
285	293
285	296
285	297
285	299
286	289
288	292
288	293
288	298
289	292
289	295
290	294
290	297
291	299
292	297
292	298
293	295
294	297
295	296
