0 4
1 9
2
3 7
5
6 13 21 28
8
10
11 158
12 16 18 19
14
15 23
17 24
20
22
25
26
27
29
30 46 50 54
31 49 51
32
33 38
34
35 39 44
36
37
40 55 64
41
42
43 47 59
45 48
52
53
56
57
58 67
60 63 88
61 65 70 71 82
62
66
68
69
72
73 83 84 85
74
75 79
76 87
77
78
80
81
86
89
90
91 95 109
92 115 145
93 98 117
94
96
97 103 105 120 143
99 100 106 148
101 122 130
102 110 118
104 112
107
108
111
113
114
116
119
121 147
123 133 137
124 127 132 134
125
126 139
128
129
131
135
136
138 146
140
141
142
144
149
150 155
151 163 166 169 170
152 161 165 178
153
154 156
157 171
159
160 162 173 179
164 174 175
167
168
172
176
177
180 189 200 229
181
182
183 207
184
185 190 197 199 202 209
186
187
188 191
192
193
194 195 198
196 201
203
204
205
206
208
210
211
212
213
214 218 220
215
216
217 234
219
221
222
223 230 237
224
225
226
227 238
228
231
232
233
235
236
239
240 246
241
242 255
243
244
245
247 253
248 257 259
249 261 266
250
251 258 268
252
254
256
260
262 267
263
264
265
269
270
271 284
272 282
273
274
275 286 288 295 299
276
277
278
279
280
281 290 297
283
285
287
289
291
292
293 294
296
298
