# k = 5
# N = 600
# alpha = 2
# beta = 2.33333333333
# Qe = 0.1
#	FromNodeId	ToNodeId
0	7
0	24
0	26
0	40
0	43
0	56
0	78
0	89
0	115
0	119
0	377
0	383
0	451
0	470
0	520
1	3
1	11
1	14
1	84
1	100
1	107
1	111
1	248
1	358
1	372
1	400
1	428
1	505
1	532
2	5
2	6
2	10
2	22
2	76
2	80
2	92
2	94
2	110
2	119
2	366
2	385
2	435
2	464
3	7
3	12
3	14
3	32
3	35
3	45
3	46
3	61
3	75
3	89
3	104
3	110
3	371
3	394
3	399
3	427
3	435
3	470
3	490
3	506
3	525
3	528
4	10
4	29
4	34
4	39
4	43
4	48
4	58
4	69
4	76
4	93
4	95
4	101
4	115
4	379
4	406
4	416
4	480
4	481
4	511
4	524
5	31
5	75
5	83
5	89
5	92
5	93
5	102
5	107
5	242
5	290
5	324
5	420
5	424
5	448
5	473
6	24
6	42
6	50
6	68
6	69
6	75
6	79
6	85
6	87
6	100
6	335
6	353
6	369
6	395
6	423
6	460
7	18
7	21
7	30
7	51
7	57
7	63
7	72
7	75
7	79
7	88
7	90
7	94
7	97
7	98
7	114
7	320
7	405
7	412
7	420
7	432
7	512
7	560
7	565
8	13
8	38
8	64
8	101
8	103
8	143
8	284
8	343
8	360
8	393
8	399
8	485
8	506
9	10
9	41
9	43
9	59
9	60
9	65
9	70
9	82
9	100
9	106
9	114
9	116
9	340
9	376
9	425
9	477
9	515
9	543
9	561
9	593
10	53
10	58
10	75
10	87
10	95
10	373
10	500
10	580
11	16
11	21
11	26
11	70
11	83
11	118
11	280
11	329
11	377
11	400
11	410
11	411
11	436
11	512
11	546
11	555
12	21
12	25
12	42
12	43
12	70
12	71
12	77
12	86
12	92
12	97
12	262
12	356
12	410
12	428
12	432
12	444
12	457
12	543
13	15
13	17
13	21
13	25
13	59
13	66
13	73
13	96
13	417
13	421
13	454
13	462
13	477
13	589
14	27
14	75
14	118
14	331
14	412
14	435
14	538
14	539
15	38
15	46
15	63
15	69
15	91
15	101
16	48
16	61
16	74
16	108
16	114
16	258
16	265
16	361
16	434
16	469
16	485
16	487
16	591
17	29
17	30
17	58
17	75
17	76
17	80
17	114
17	385
17	423
17	434
17	510
17	530
17	588
18	20
18	33
18	54
18	64
18	89
18	96
18	108
18	274
18	344
18	369
18	370
18	379
18	386
18	450
18	487
18	545
18	550
18	592
19	26
19	44
19	56
19	83
19	88
19	107
19	119
19	395
19	411
19	433
19	591
19	593
20	22
20	27
20	53
20	81
20	111
20	249
20	318
20	376
20	404
20	517
20	548
20	579
21	33
21	51
21	52
21	56
21	77
21	82
21	93
21	95
21	112
21	118
21	257
21	287
21	312
21	330
21	375
21	376
21	378
21	506
21	590
22	39
22	42
22	48
22	80
22	81
22	114
22	244
22	311
22	359
22	462
22	504
22	585
23	33
23	53
23	62
23	80
23	81
23	99
23	101
23	270
23	314
23	336
23	390
23	423
23	431
23	469
23	517
24	25
24	30
24	44
24	56
24	58
24	70
24	94
24	95
24	100
24	399
24	453
24	474
24	565
24	580
24	587
25	37
25	47
25	48
25	61
25	83
25	96
25	104
25	112
25	118
25	132
25	425
25	462
25	502
25	503
25	511
26	28
26	32
26	35
26	46
26	54
26	65
26	71
26	72
26	83
26	87
26	102
26	112
26	250
26	335
26	341
26	368
26	411
26	474
26	553
27	38
27	59
27	66
27	83
27	350
27	364
27	444
27	508
27	509
27	599
28	65
28	69
28	81
28	89
28	97
28	100
28	112
28	330
28	360
28	374
28	403
28	405
28	432
28	448
28	455
29	45
29	71
29	180
29	363
29	376
29	405
29	417
29	450
29	467
29	553
30	42
30	59
30	117
30	317
30	406
30	459
30	464
30	589
31	40
31	89
31	98
31	110
31	412
31	421
31	467
31	518
32	33
32	41
32	55
32	72
32	73
32	76
32	80
32	95
32	115
32	321
32	374
32	377
32	416
32	483
32	555
33	34
33	46
33	53
33	75
33	92
33	115
33	457
33	463
33	562
33	570
33	580
34	71
34	82
34	103
34	105
34	112
34	117
34	118
34	119
34	402
34	467
34	473
34	502
34	557
35	47
35	57
35	58
35	87
35	90
35	99
35	365
35	375
35	413
35	441
35	490
35	514
35	539
35	558
35	560
36	61
36	68
36	70
36	73
36	76
36	80
36	93
36	95
36	343
36	362
36	371
36	378
36	383
36	444
37	45
37	60
37	74
37	87
37	107
37	115
37	265
37	281
37	384
37	555
38	42
38	44
38	93
38	98
38	116
38	258
38	306
38	401
38	418
38	462
39	63
39	69
39	70
39	83
39	84
39	101
39	383
39	410
39	453
39	476
39	529
39	549
39	579
40	65
40	73
40	91
40	94
40	100
40	108
40	276
40	355
40	384
40	393
40	515
40	571
41	48
41	70
41	74
41	80
41	94
41	313
41	468
41	509
41	514
41	557
42	62
42	64
42	100
42	111
42	395
42	426
42	516
42	588
43	71
43	74
43	83
43	101
43	113
43	512
43	517
43	569
43	588
44	57
44	67
44	71
44	74
44	75
44	77
44	81
44	89
44	93
44	106
44	320
44	423
44	448
44	462
44	472
44	577
45	86
45	99
45	108
45	396
45	430
45	431
45	449
45	576
46	57
46	113
46	117
46	324
46	469
46	540
46	581
47	48
47	56
47	68
47	71
47	83
47	108
47	112
47	175
47	291
47	365
47	407
47	501
47	503
47	505
47	506
47	509
47	510
47	540
48	59
48	63
48	97
48	105
48	106
48	110
48	119
48	277
48	341
48	374
48	395
48	415
48	436
48	473
48	492
48	515
48	540
48	591
49	64
49	74
49	87
49	88
49	94
49	514
50	82
50	98
50	100
50	103
50	109
50	111
50	117
50	220
50	341
50	371
50	376
50	413
50	577
51	53
51	54
51	58
51	87
51	92
51	113
51	217
51	317
51	372
51	411
51	450
51	476
51	549
51	596
52	53
52	58
52	61
52	68
52	69
52	77
52	78
52	103
52	116
52	119
52	597
52	598
53	60
53	70
53	73
53	86
53	87
53	90
53	93
53	94
53	119
53	295
53	363
53	378
53	384
53	391
53	402
53	406
53	589
54	77
54	78
54	111
54	116
54	245
54	367
54	416
54	418
54	436
54	447
54	450
54	460
54	515
54	537
54	584
54	596
55	64
55	66
55	97
55	116
55	381
55	393
55	432
56	66
56	70
56	96
56	104
56	115
56	253
56	364
56	377
56	495
56	525
56	543
57	83
57	105
57	348
57	363
57	393
57	398
57	407
57	409
57	478
57	479
57	512
57	547
57	576
58	61
58	63
58	64
58	83
58	104
58	109
58	112
58	297
58	459
58	481
58	529
58	535
58	537
58	553
59	60
59	66
59	70
59	85
59	361
59	375
59	377
59	396
59	400
59	403
59	426
59	456
59	466
59	528
60	81
60	82
60	85
60	86
60	276
60	384
60	401
60	408
60	495
61	81
61	86
61	90
61	96
61	99
61	111
61	112
61	114
61	314
61	329
61	424
61	442
61	524
61	533
61	536
61	566
61	588
62	65
62	66
62	85
62	90
62	106
62	110
62	259
62	350
62	371
62	437
62	440
62	450
62	576
63	69
63	88
63	118
63	392
63	548
64	83
64	89
64	111
64	113
64	115
64	243
64	244
64	474
64	475
64	522
64	551
65	76
65	77
65	88
65	91
65	94
65	119
65	274
65	303
65	377
65	440
65	498
65	515
66	73
66	81
66	240
66	264
66	338
66	366
66	416
66	420
66	473
66	486
66	563
67	88
67	100
67	126
67	251
67	474
67	504
67	522
67	536
68	70
68	79
68	81
68	104
68	113
68	114
68	119
68	409
68	431
68	445
68	523
69	72
69	77
69	89
69	94
69	104
69	105
69	251
69	302
69	400
69	414
69	427
69	456
69	465
69	477
69	516
69	553
69	569
70	90
70	260
70	281
70	370
70	401
70	432
70	444
70	448
70	515
70	563
71	88
71	99
71	103
71	314
71	327
71	422
71	472
71	502
71	505
71	518
71	576
72	82
72	93
72	103
72	119
72	352
72	369
72	377
72	416
72	474
73	245
73	275
73	371
73	449
73	462
73	512
73	514
73	581
73	595
74	78
74	83
74	85
74	281
74	372
74	433
74	541
74	582
75	98
75	119
75	334
75	364
75	365
75	438
75	529
75	542
75	584
75	586
76	78
76	97
76	102
76	316
76	388
76	415
76	446
76	485
76	526
77	87
77	97
77	261
77	394
77	441
77	445
77	468
77	542
77	544
77	564
77	575
77	582
78	101
78	117
78	119
78	292
78	373
78	390
78	405
78	472
78	550
78	599
79	96
79	114
79	264
79	288
79	312
79	317
79	374
79	382
79	416
79	476
79	496
79	525
79	549
80	83
80	94
80	240
80	368
80	383
80	433
80	438
80	548
81	100
81	104
81	168
81	247
81	353
81	384
81	393
81	418
81	419
81	461
81	591
82	85
82	100
82	109
82	114
82	117
82	380
82	410
82	546
82	552
82	593
82	598
83	262
83	301
83	348
83	381
83	395
83	447
83	465
83	562
84	103
84	106
84	110
84	486
84	502
84	534
84	535
84	537
84	545
85	97
85	414
85	417
85	429
85	467
85	561
85	597
86	94
86	98
86	113
86	271
86	363
86	405
86	547
86	596
87	263
87	346
87	404
87	412
87	436
87	447
87	472
87	477
87	480
87	497
87	527
88	93
88	100
88	273
88	426
88	461
88	463
88	560
88	567
89	99
89	100
89	103
89	335
89	466
90	95
90	113
90	243
90	362
90	364
90	381
90	382
90	413
90	427
90	445
90	456
90	464
90	485
90	519
91	93
91	99
91	252
91	297
91	342
91	547
92	98
92	102
92	360
92	371
92	391
92	421
92	427
92	474
92	542
92	557
92	577
92	586
93	96
93	106
93	292
93	389
93	468
93	534
93	559
94	99
94	100
94	111
94	303
94	358
94	366
94	434
94	445
95	98
95	114
95	248
95	250
95	414
95	450
95	499
95	577
96	109
96	110
96	114
96	255
96	415
96	444
96	486
96	544
96	566
97	105
97	106
97	109
97	119
97	363
97	389
97	438
98	116
98	117
98	323
98	422
98	449
98	510
98	579
99	105
99	111
99	250
99	290
99	375
99	411
99	482
99	492
99	523
99	543
99	573
99	581
100	378
100	410
100	414
100	455
100	458
100	470
101	112
101	118
101	384
101	392
101	484
102	103
102	384
102	418
102	419
102	431
102	436
102	453
103	382
103	472
103	473
104	119
104	390
104	451
104	468
104	494
104	499
104	506
104	570
104	576
104	592
105	108
105	115
105	424
105	460
105	468
105	482
105	490
105	497
105	518
105	541
105	587
106	112
106	118
106	247
106	296
106	343
106	347
106	523
106	548
106	553
106	577
106	596
107	111
107	365
107	443
107	453
107	591
108	115
108	251
108	343
108	350
108	425
108	491
108	492
109	372
109	416
109	533
109	537
109	538
109	544
110	324
110	364
110	372
110	449
110	455
110	457
110	460
110	562
111	346
111	395
111	419
111	425
111	434
111	536
111	591
112	485
112	528
112	574
112	576
112	586
113	331
113	337
113	389
113	398
113	404
113	440
113	531
113	546
113	555
113	594
113	598
114	127
114	399
114	407
114	423
114	449
115	342
115	431
115	450
116	117
116	268
116	415
116	425
116	433
116	439
116	461
116	518
116	590
117	118
117	255
117	367
117	382
117	404
117	410
117	463
117	495
117	507
117	518
118	295
118	315
118	387
118	430
118	463
118	502
118	518
118	557
118	586
119	127
119	320
119	360
119	475
119	588
120	146
120	158
120	170
120	180
120	181
120	186
120	203
120	225
120	231
120	232
120	237
120	249
120	279
120	281
120	297
120	301
120	303
120	307
120	314
120	320
120	329
120	331
120	350
120	353
120	357
120	579
121	153
121	185
121	191
121	205
121	208
121	216
121	230
121	232
121	233
121	234
121	235
121	260
121	265
121	282
121	342
121	345
122	128
122	137
122	154
122	174
122	261
122	266
122	274
122	285
122	291
122	294
122	315
122	316
122	317
122	325
122	334
122	340
122	349
122	351
122	510
123	139
123	148
123	165
123	170
123	191
123	192
123	195
123	203
123	206
123	218
123	241
123	249
123	268
123	280
123	294
123	298
123	330
123	346
123	554
124	130
124	140
124	145
124	158
124	163
124	194
124	196
124	226
124	235
124	238
124	240
124	257
124	265
124	324
124	327
124	342
124	348
124	352
124	541
125	126
125	139
125	147
125	148
125	180
125	181
125	182
125	205
125	216
125	219
125	231
125	239
125	260
125	269
125	283
125	284
125	289
125	308
125	324
125	327
125	331
125	332
125	336
125	520
126	146
126	151
126	163
126	164
126	166
126	187
126	217
126	220
126	230
126	244
126	282
126	284
126	285
126	295
126	310
126	329
126	332
126	355
126	583
127	164
127	185
127	189
127	191
127	193
127	207
127	251
127	268
127	283
127	292
127	300
127	305
127	346
128	138
128	151
128	169
128	172
128	177
128	188
128	193
128	205
128	232
128	235
128	244
128	263
128	268
128	277
128	289
128	306
128	332
128	492
128	496
128	497
128	523
129	133
129	159
129	160
129	164
129	165
129	185
129	191
129	198
129	225
129	228
129	248
129	258
129	273
129	283
129	308
129	340
129	354
129	358
129	559
130	139
130	166
130	171
130	195
130	198
130	202
130	225
130	231
130	234
130	245
130	264
130	266
130	269
130	288
130	293
130	298
130	299
130	303
130	308
130	323
130	337
130	344
130	533
131	156
131	196
131	206
131	226
131	239
131	260
131	267
131	275
131	289
131	319
131	326
131	329
131	335
131	338
131	353
132	139
132	151
132	186
132	192
132	212
132	232
132	246
132	248
132	250
132	279
132	316
132	324
132	348
132	516
132	563
133	145
133	160
133	173
133	182
133	193
133	194
133	204
133	206
133	218
133	238
133	243
133	259
133	263
133	288
133	296
133	334
133	345
133	483
133	488
133	592
134	156
134	162
134	175
134	182
134	203
134	204
134	235
134	244
134	251
134	283
134	288
134	290
134	292
134	486
134	544
134	548
134	552
134	564
134	587
135	147
135	152
135	156
135	164
135	169
135	171
135	175
135	179
135	218
135	227
135	254
135	260
135	282
135	313
135	325
135	330
135	333
135	343
135	359
136	161
136	189
136	204
136	211
136	215
136	238
136	245
136	255
136	331
136	343
136	348
136	556
137	142
137	184
137	201
137	213
137	226
137	228
137	229
137	249
137	257
137	305
137	328
137	334
137	335
137	347
138	139
138	159
138	168
138	204
138	205
138	208
138	212
138	223
138	238
138	273
138	285
138	291
138	297
138	335
138	343
138	354
139	145
139	147
139	159
139	166
139	207
139	212
139	213
139	217
139	227
139	235
139	243
139	247
139	272
139	275
139	300
139	303
139	308
139	353
139	354
139	555
139	558
139	578
140	160
140	169
140	196
140	204
140	249
140	256
140	259
140	263
140	286
140	325
140	358
141	158
141	168
141	190
141	199
141	229
141	263
141	301
141	307
141	310
141	320
141	330
141	351
141	353
141	359
142	145
142	149
142	178
142	184
142	203
142	206
142	215
142	236
142	244
142	245
142	261
142	265
142	271
142	296
142	332
142	346
142	350
142	355
142	499
143	151
143	169
143	173
143	179
143	181
143	187
143	192
143	234
143	260
143	273
143	296
143	306
143	327
143	344
143	349
143	351
143	541
144	157
144	173
144	189
144	202
144	215
144	224
144	231
144	251
144	254
144	255
144	266
144	274
144	278
144	286
144	309
144	324
144	325
144	330
144	336
144	348
144	490
145	172
145	180
145	237
145	246
145	260
145	264
145	273
145	284
145	291
145	302
145	303
145	329
145	341
145	350
146	148
146	162
146	177
146	202
146	210
146	281
146	296
146	338
146	341
146	343
146	545
147	191
147	211
147	218
147	237
147	240
147	271
147	280
147	285
147	291
147	300
147	316
147	341
147	344
147	572
148	154
148	176
148	180
148	186
148	203
148	209
148	219
148	235
148	239
148	243
148	247
148	260
148	270
148	271
148	289
148	297
148	299
148	321
148	322
148	335
148	340
149	157
149	165
149	166
149	208
149	218
149	232
149	270
149	274
149	290
149	298
149	325
149	328
149	339
150	160
150	168
150	184
150	211
150	225
150	226
150	249
150	270
150	272
150	275
150	279
150	280
150	282
150	292
150	298
150	307
150	337
150	339
150	484
151	157
151	160
151	188
151	189
151	200
151	222
151	244
151	253
151	254
151	272
151	293
151	313
151	315
151	317
151	340
151	345
151	562
152	162
152	181
152	185
152	189
152	236
152	239
152	260
152	269
152	285
152	295
152	301
152	323
152	333
152	339
152	349
153	178
153	183
153	190
153	191
153	201
153	218
153	230
153	252
153	258
153	276
153	277
153	279
153	282
153	286
153	293
153	300
153	304
153	336
153	343
153	354
153	359
153	584
154	159
154	165
154	180
154	201
154	212
154	242
154	251
154	275
154	280
154	288
154	290
154	294
154	300
154	305
154	309
154	330
154	333
154	336
155	184
155	185
155	191
155	210
155	214
155	231
155	236
155	242
155	255
155	259
155	262
155	278
155	283
155	297
155	299
155	300
155	483
156	157
156	163
156	177
156	183
156	203
156	204
156	216
156	222
156	223
156	224
156	248
156	255
156	256
156	260
156	261
156	267
156	288
156	297
156	306
156	313
156	325
156	336
156	350
156	501
157	176
157	178
157	181
157	192
157	194
157	223
157	229
157	258
157	259
157	274
157	276
157	289
157	329
158	200
158	203
158	236
158	241
158	262
158	268
158	270
158	295
158	302
158	309
158	311
158	319
158	324
158	330
158	545
158	577
159	184
159	225
159	248
159	251
159	264
159	279
159	281
159	290
159	293
159	295
159	302
159	317
159	341
159	343
159	357
159	502
159	597
160	162
160	187
160	199
160	212
160	234
160	235
160	252
160	267
160	292
160	299
160	300
160	311
160	312
160	315
160	322
160	323
160	331
160	336
160	357
161	192
161	248
161	264
161	270
161	272
161	276
161	302
161	314
161	332
161	347
161	351
161	356
161	357
161	480
161	598
162	182
162	185
162	196
162	206
162	210
162	268
162	278
162	308
162	316
162	320
162	322
162	325
162	335
162	339
162	356
163	179
163	208
163	223
163	224
163	230
163	269
163	274
163	292
163	308
163	326
163	342
163	349
164	166
164	169
164	192
164	202
164	213
164	224
164	236
164	237
164	238
164	239
164	248
164	252
164	254
164	256
164	273
164	288
164	299
164	302
164	330
164	334
164	347
164	498
165	170
165	182
165	198
165	218
165	226
165	231
165	236
165	246
165	275
165	276
165	278
165	286
165	291
165	298
165	301
165	323
165	341
165	347
166	174
166	184
166	186
166	211
166	219
166	227
166	240
166	262
166	295
166	338
166	350
166	355
167	194
167	210
167	228
167	231
167	232
167	237
167	267
167	276
167	299
167	300
167	320
167	323
167	335
167	340
167	349
167	358
167	529
167	557
167	599
168	179
168	180
168	196
168	201
168	216
168	219
168	227
168	240
168	244
168	254
168	266
168	286
168	294
168	298
168	327
168	330
168	341
168	349
168	350
169	172
169	195
169	198
169	204
169	217
169	246
169	249
169	266
169	281
169	300
169	321
169	348
169	484
169	537
170	178
170	204
170	211
170	224
170	226
170	228
170	229
170	245
170	253
170	258
170	269
170	282
170	299
170	314
170	321
170	327
170	334
170	346
170	352
170	487
171	174
171	183
171	198
171	235
171	331
171	333
171	340
171	357
171	359
171	589
172	175
172	185
172	195
172	219
172	257
172	262
172	291
172	346
173	174
173	182
173	184
173	240
173	252
173	270
173	281
173	286
173	294
173	303
173	312
173	328
173	330
173	344
173	533
174	178
174	244
174	251
174	268
174	279
174	287
174	314
174	331
174	351
174	486
175	186
175	189
175	214
175	218
175	244
175	248
175	249
175	277
175	283
175	286
175	300
175	307
175	325
175	328
175	343
175	354
175	394
175	489
175	523
175	535
175	575
176	185
176	201
176	211
176	228
176	255
176	259
176	260
176	262
176	275
176	280
176	285
176	292
176	334
176	351
176	491
177	183
177	202
177	228
177	245
177	246
177	258
177	265
177	269
177	287
177	292
177	306
177	341
177	352
177	519
177	530
177	580
178	179
178	200
178	201
178	204
178	227
178	236
178	246
178	249
178	267
178	301
178	309
178	326
178	330
178	337
178	350
178	564
179	192
179	193
179	218
179	226
179	228
179	233
179	250
179	258
179	260
179	269
179	279
179	323
179	326
179	327
179	329
179	331
179	339
179	349
179	352
179	549
180	198
180	211
180	224
180	230
180	268
180	270
180	282
180	285
180	301
180	327
180	508
181	184
181	188
181	193
181	195
181	199
181	203
181	205
181	210
181	219
181	251
181	275
181	283
181	291
181	304
181	309
181	328
181	330
181	341
182	188
182	191
182	230
182	246
182	258
182	269
182	293
182	297
182	319
182	327
182	341
183	193
183	216
183	218
183	222
183	235
183	248
183	253
183	254
183	255
183	259
183	298
183	301
183	320
183	342
183	348
183	351
184	185
184	194
184	200
184	223
184	251
184	262
184	272
184	301
184	307
184	316
184	325
184	337
184	493
184	587
185	191
185	219
185	229
185	284
185	291
185	319
185	323
185	336
185	355
185	541
185	554
186	195
186	200
186	210
186	211
186	253
186	275
186	305
186	311
186	312
186	334
186	349
186	514
187	188
187	217
187	218
187	229
187	232
187	257
187	275
187	279
187	287
187	310
187	320
187	321
187	325
187	331
187	513
187	570
187	575
188	195
188	210
188	220
188	235
188	237
188	244
188	290
188	312
188	320
188	326
188	328
188	339
188	351
188	553
189	211
189	230
189	235
189	263
189	276
189	277
189	279
189	296
189	297
189	306
189	309
189	318
189	321
189	332
189	531
189	578
190	200
190	207
190	215
190	257
190	264
190	265
190	269
190	270
190	292
190	293
190	306
190	312
190	315
190	333
190	348
190	349
190	350
190	353
190	355
190	566
190	573
191	192
191	199
191	202
191	209
191	219
191	242
191	256
191	259
191	263
191	265
191	273
191	281
191	282
191	293
191	310
191	313
191	316
191	338
191	340
191	503
192	198
192	224
192	269
192	274
192	294
192	295
192	308
192	310
192	331
192	344
192	348
192	359
192	523
193	196
193	207
193	227
193	249
193	259
193	280
193	310
193	320
193	327
193	328
193	341
193	356
193	357
194	201
194	226
194	246
194	264
194	282
194	283
194	299
194	329
194	334
194	358
195	206
195	226
195	235
195	257
195	263
195	271
195	278
195	283
195	309
195	319
195	324
195	332
195	351
195	355
195	522
196	210
196	211
196	217
196	218
196	257
196	266
196	278
196	340
196	343
196	352
196	353
196	560
197	206
197	221
197	229
197	238
197	254
197	296
197	311
197	314
197	358
197	498
197	530
198	205
198	221
198	236
198	242
198	251
198	273
198	277
198	279
198	281
198	311
198	312
198	318
198	341
198	511
199	202
199	235
199	249
199	273
199	276
199	291
199	302
199	312
199	322
199	326
199	340
199	343
199	353
200	216
200	227
200	229
200	233
200	244
200	255
200	279
200	282
200	295
200	308
200	309
200	312
200	313
200	319
200	331
200	338
200	346
200	350
200	353
200	507
200	546
200	598
201	216
201	231
201	245
201	250
201	253
201	256
201	268
201	343
201	358
201	596
202	213
202	238
202	249
202	267
202	273
202	275
202	281
202	293
202	299
202	301
202	304
202	322
202	335
202	342
202	352
202	355
203	215
203	216
203	217
203	235
203	260
203	266
203	284
203	294
203	317
203	352
203	523
204	235
204	255
204	258
204	268
204	278
204	304
204	313
204	314
204	322
204	328
204	359
204	430
205	207
205	208
205	213
205	230
205	243
205	246
205	264
205	328
205	339
205	346
205	347
206	228
206	229
206	238
206	239
206	247
206	250
206	257
206	269
206	271
206	275
206	287
206	304
206	306
206	317
206	342
206	580
207	241
207	245
207	258
207	264
207	298
207	306
207	341
207	352
207	358
207	359
207	465
207	506
208	215
208	217
208	222
208	226
208	232
208	242
208	259
208	273
208	281
208	287
208	294
208	298
208	303
208	314
208	541
209	216
209	236
209	259
209	265
209	269
209	279
209	284
209	295
209	299
209	313
209	315
209	316
209	347
209	350
209	355
209	597
210	213
210	215
210	224
210	248
210	254
210	259
210	261
210	297
210	307
210	313
210	329
210	342
210	344
210	350
210	353
210	354
211	213
211	216
211	233
211	252
211	265
211	274
211	283
211	305
211	311
211	344
211	348
211	356
212	216
212	230
212	252
212	265
212	267
212	288
212	293
212	296
212	298
212	329
212	358
212	480
212	522
212	575
213	216
213	234
213	235
213	236
213	251
213	253
213	257
213	284
213	288
213	299
213	306
213	313
213	334
213	349
213	355
214	221
214	229
214	230
214	239
214	245
214	247
214	278
214	286
214	303
214	304
214	330
214	341
214	345
214	563
215	226
215	243
215	246
215	297
215	324
215	337
216	220
216	236
216	238
216	251
216	275
216	280
216	289
216	308
216	318
216	329
216	333
216	342
216	350
216	351
217	240
217	244
217	276
217	279
217	285
217	308
217	326
217	345
218	228
218	240
218	252
218	255
218	259
218	265
218	282
218	285
218	294
218	298
218	303
218	305
218	324
218	329
218	342
218	351
218	359
218	527
218	555
219	220
219	223
219	233
219	234
219	242
219	254
219	288
219	294
219	319
219	346
219	350
219	490
220	247
220	253
220	263
220	267
220	270
220	314
220	322
220	337
220	338
220	352
220	353
220	551
220	573
221	226
221	229
221	231
221	232
221	236
221	257
221	260
221	292
221	322
221	329
221	332
221	343
221	567
221	580
222	223
222	226
222	231
222	236
222	242
222	253
222	255
222	258
222	295
222	302
222	305
222	318
222	319
222	336
222	520
222	524
223	226
223	230
223	235
223	240
223	257
223	267
223	270
223	283
223	284
223	306
223	320
223	354
223	359
224	234
224	246
224	268
224	325
225	241
225	246
225	257
225	259
225	266
225	292
225	306
225	313
225	347
225	352
225	517
225	544
226	235
226	243
226	253
226	261
226	278
226	282
226	295
226	298
226	302
226	304
226	327
226	335
226	346
226	352
226	358
227	231
227	238
227	249
227	260
227	270
227	295
227	297
227	319
227	326
227	338
227	359
228	230
228	240
228	274
228	310
228	331
228	343
228	344
228	355
228	560
228	579
229	243
229	296
229	312
229	331
229	346
229	356
229	358
230	267
230	278
230	308
230	311
230	333
230	353
230	518
231	253
231	261
231	273
231	277
231	311
231	315
231	316
231	318
231	323
231	330
231	331
231	355
231	358
231	507
231	537
231	540
232	234
232	253
232	272
232	288
232	304
232	322
232	326
232	357
233	239
233	251
233	266
233	279
233	312
234	235
234	251
234	268
234	272
234	273
234	277
234	294
234	301
234	311
234	330
234	331
234	354
234	356
234	571
234	580
235	238
235	241
235	269
235	275
235	283
235	286
235	294
235	306
235	310
235	325
235	356
236	257
236	260
236	262
236	272
236	286
236	301
236	317
236	347
237	243
237	244
237	246
237	259
237	264
237	275
237	283
237	291
237	304
237	315
237	318
237	334
237	340
237	349
237	352
237	560
238	268
238	279
238	283
238	291
238	302
238	332
238	527
239	241
239	254
239	277
239	302
239	338
239	342
239	343
239	348
239	351
239	569
240	264
240	284
240	321
240	326
240	330
240	350
240	352
240	356
241	271
241	289
241	293
241	299
241	309
241	314
241	321
241	324
241	326
241	349
241	355
242	258
242	285
242	314
242	335
242	351
243	254
243	272
243	284
243	293
243	307
243	309
243	331
243	342
243	345
243	354
243	358
244	250
244	259
244	293
244	318
244	336
244	343
244	351
245	251
245	273
245	283
245	316
245	343
245	350
245	356
245	357
246	260
246	266
246	317
246	318
246	323
246	330
247	255
247	258
247	261
247	267
247	296
247	330
247	347
248	255
248	271
248	279
248	282
248	289
248	291
248	318
248	356
248	357
249	265
249	272
249	273
249	307
249	314
249	342
249	346
250	282
250	299
250	300
250	306
250	308
250	330
250	348
251	253
251	283
251	296
251	314
251	324
251	358
252	257
252	258
252	259
252	268
252	302
252	323
252	329
253	256
253	271
253	274
253	280
253	306
253	328
253	335
253	355
254	273
254	277
254	312
254	319
254	327
254	334
254	347
255	336
255	344
256	258
256	280
256	284
256	304
256	320
256	351
257	260
257	269
257	280
257	289
257	298
257	308
257	330
257	332
257	333
258	263
258	281
258	286
258	295
258	312
258	323
258	345
259	295
259	329
259	340
259	354
260	263
260	270
260	278
260	292
260	301
260	306
260	323
260	326
260	344
261	298
261	308
261	314
261	330
261	333
261	347
262	287
262	297
262	313
262	315
262	333
262	337
262	347
263	284
263	294
263	295
263	312
263	315
263	359
264	266
264	296
264	301
264	315
264	317
264	318
264	345
264	346
264	348
265	269
265	270
265	282
265	302
265	303
265	304
265	337
265	344
265	350
265	352
265	356
266	267
266	285
266	289
266	294
266	305
266	316
266	327
266	338
266	353
266	356
267	269
267	275
267	276
267	290
267	294
267	299
267	306
267	313
267	318
267	329
267	333
267	352
268	274
268	316
268	325
268	335
268	351
269	271
269	273
269	315
269	327
269	342
269	357
270	323
270	352
270	357
271	301
271	310
271	318
271	332
271	344
271	345
271	356
272	275
272	277
272	281
272	286
272	311
272	323
272	353
272	354
273	312
273	322
273	327
273	336
273	347
273	350
274	282
274	285
274	326
274	330
274	331
274	339
274	355
274	358
274	359
275	342
275	354
276	279
276	300
276	321
276	322
276	326
277	285
277	304
277	307
277	320
277	329
277	332
277	334
277	337
277	347
277	349
278	279
278	292
278	302
278	329
278	332
278	339
279	290
279	300
279	306
279	345
279	352
280	326
280	338
280	341
281	320
281	335
281	336
281	345
281	349
281	359
282	287
282	302
282	308
282	317
282	332
282	336
282	338
282	344
283	295
283	307
283	310
283	324
283	329
283	340
283	349
283	353
284	294
284	315
284	328
285	287
285	294
285	302
285	323
285	332
286	301
286	317
286	327
286	346
287	304
287	305
287	314
287	326
287	332
287	336
287	339
287	340
287	355
287	357
288	324
289	300
289	326
289	328
289	348
289	352
289	357
290	298
290	329
290	348
291	298
291	306
291	317
291	318
291	321
291	322
291	324
291	338
291	340
291	349
291	355
291	358
292	299
292	300
292	332
292	338
292	343
292	350
292	354
292	356
293	325
293	328
293	330
293	345
293	349
293	353
293	356
294	306
294	317
294	321
294	351
294	356
294	538
295	339
295	340
295	346
296	299
296	322
296	329
296	338
296	341
296	343
296	349
296	354
297	298
297	311
297	320
297	328
297	337
297	357
298	323
298	355
299	349
299	355
299	356
300	306
300	320
300	323
300	325
300	333
301	314
301	315
301	319
301	340
301	357
302	309
302	329
302	330
302	339
302	357
303	308
303	339
303	342
304	311
304	313
304	315
304	356
305	309
305	310
305	321
305	323
305	338
305	347
305	348
305	349
305	352
306	329
306	330
306	347
306	350
306	358
307	309
307	310
307	315
307	322
307	346
307	357
308	315
308	326
308	330
309	312
309	327
309	346
309	348
309	358
310	312
310	326
310	332
311	312
311	321
311	339
311	350
312	319
312	332
312	349
312	354
313	314
313	323
313	326
313	333
313	334
313	345
314	339
314	342
314	349
315	325
315	342
317	326
317	331
317	340
317	348
319	328
319	356
320	329
320	338
320	344
321	341
321	348
321	349
321	352
322	327
322	331
322	332
322	339
322	340
323	346
323	350
324	328
324	331
324	336
324	350
324	351
325	330
325	345
325	354
325	358
326	332
327	332
327	357
328	333
328	337
328	338
329	338
329	340
330	350
331	348
332	334
332	346
332	356
333	351
333	354
333	357
334	338
334	339
334	343
335	341
335	345
335	356
336	337
336	347
337	344
337	346
338	341
338	346
338	356
339	340
339	351
339	352
343	358
345	355
346	350
347	354
347	359
349	354
349	356
350	358
351	353
351	356
351	358
352	359
360	372
360	373
360	387
360	400
360	407
360	409
360	413
360	418
360	453
360	544
360	546
360	547
360	550
360	553
360	561
360	569
360	572
360	580
360	585
360	588
361	368
361	374
361	389
361	416
361	437
361	442
361	446
361	495
361	513
361	536
361	541
361	551
361	596
362	367
362	372
362	384
362	385
362	390
362	393
362	395
362	407
362	413
362	424
362	425
362	442
362	457
362	477
362	489
362	505
362	520
362	575
363	377
363	382
363	387
363	396
363	421
363	443
363	444
363	446
363	450
363	473
363	480
363	495
363	506
363	523
363	579
364	369
364	378
364	382
364	394
364	396
364	397
364	407
364	434
364	445
364	451
364	453
364	462
364	465
364	499
364	506
364	509
364	510
364	517
364	538
364	568
364	575
364	580
365	376
365	381
365	407
365	409
365	413
365	432
365	438
365	467
365	479
365	485
365	492
365	495
365	505
365	512
365	526
365	553
365	568
365	584
366	374
366	385
366	419
366	465
366	475
366	477
366	486
366	487
366	504
366	536
366	551
366	569
367	374
367	417
367	430
367	448
367	459
367	464
367	474
367	514
367	567
367	578
367	589
367	598
368	388
368	407
368	430
368	437
368	445
368	454
368	533
368	542
368	544
369	370
369	372
369	377
369	379
369	401
369	416
369	432
369	438
369	447
369	451
369	484
369	515
369	519
369	529
369	532
369	549
369	570
369	572
370	371
370	384
370	390
370	401
370	404
370	407
370	415
370	448
370	449
370	455
370	458
370	470
370	522
370	524
370	530
370	533
370	537
370	558
370	576
370	583
370	599
371	376
371	390
371	419
371	435
371	436
371	437
371	447
371	476
371	485
371	488
371	494
371	507
371	518
371	525
371	551
371	570
372	398
372	401
372	411
372	412
372	419
372	420
372	449
372	454
372	465
372	491
372	513
372	555
372	571
372	595
373	374
373	387
373	437
373	440
373	446
373	447
373	490
373	506
373	511
373	520
373	569
373	588
374	407
374	421
374	429
374	467
374	472
374	497
374	505
374	542
374	554
374	566
374	575
374	576
374	592
374	594
374	596
375	397
375	415
375	420
375	427
375	435
375	441
375	457
375	458
375	475
375	477
375	482
375	496
375	512
375	520
375	542
375	548
375	553
375	568
375	597
375	598
376	381
376	384
376	389
376	391
376	415
376	440
376	459
376	490
376	506
376	516
376	537
376	551
376	554
376	560
376	565
376	575
376	588
376	589
376	593
377	387
377	393
377	402
377	409
377	424
377	444
377	449
377	481
377	484
377	486
377	501
377	526
377	562
378	385
378	479
378	498
378	536
378	553
378	559
378	564
378	569
378	574
378	596
379	384
379	396
379	418
379	425
379	437
379	441
379	449
379	462
379	496
379	497
379	524
379	543
379	564
379	579
380	384
380	392
380	399
380	400
380	406
380	432
380	460
380	468
380	490
380	505
380	529
380	545
380	553
380	558
380	574
381	395
381	404
381	405
381	418
381	433
381	435
381	448
381	488
381	501
381	508
381	527
381	532
381	577
381	592
382	389
382	422
382	424
382	426
382	428
382	431
382	459
382	460
382	494
382	500
382	520
382	529
382	537
382	571
382	576
382	582
383	398
383	418
383	482
383	505
383	524
383	539
383	540
383	545
383	555
383	560
383	563
383	568
383	589
384	386
384	412
384	420
384	434
384	449
384	461
384	463
384	475
384	479
384	480
384	484
384	518
384	529
384	539
384	578
385	386
385	387
385	397
385	425
385	426
385	454
385	460
385	475
385	476
385	483
385	495
385	497
385	551
385	556
385	575
385	594
386	402
386	419
386	420
386	421
386	465
386	514
386	522
386	537
386	571
386	599
387	414
387	422
387	423
387	425
387	433
387	446
387	463
387	471
387	472
387	482
387	496
387	510
387	526
387	529
387	543
387	546
387	564
387	566
387	590
388	392
388	401
388	406
388	408
388	432
388	451
388	484
388	514
388	519
388	523
388	524
388	535
388	570
388	589
388	591
388	592
389	390
389	407
389	416
389	418
389	419
389	420
389	436
389	438
389	500
389	559
389	561
389	572
390	393
390	425
390	430
390	448
390	492
390	529
390	534
390	536
390	538
390	544
390	559
391	399
391	408
391	415
391	420
391	438
391	452
391	461
391	474
391	501
391	547
391	551
391	553
391	567
391	584
391	588
391	596
392	395
392	400
392	417
392	435
392	471
392	512
392	524
392	541
392	557
392	587
392	598
393	400
393	403
393	405
393	412
393	442
393	447
393	459
393	471
393	494
393	520
393	523
393	526
393	537
393	564
393	573
393	579
393	590
393	593
394	400
394	411
394	461
394	462
394	474
394	483
394	484
394	516
394	521
394	549
394	590
395	410
395	425
395	431
395	438
395	456
395	484
395	530
395	550
395	568
396	397
396	398
396	417
396	419
396	432
396	474
396	477
396	498
396	500
396	501
396	526
396	552
396	575
396	593
397	410
397	435
397	439
397	447
397	449
397	454
397	473
397	481
397	531
397	552
397	572
397	590
398	405
398	420
398	430
398	441
398	443
398	449
398	467
398	493
398	532
398	540
398	541
398	574
398	595
398	596
399	410
399	411
399	416
399	427
399	432
399	433
399	438
399	450
399	466
399	467
399	473
399	485
399	516
399	542
399	554
399	560
399	571
400	406
400	409
400	427
400	428
400	432
400	445
400	466
400	476
400	480
400	513
400	542
400	548
400	569
400	571
400	585
401	402
401	403
401	437
401	442
401	463
401	469
401	480
401	489
401	507
401	535
401	536
401	544
401	553
401	554
401	559
401	568
402	419
402	420
402	422
402	428
402	430
402	439
402	448
402	476
402	477
402	510
402	534
402	557
402	574
402	593
403	418
403	432
403	474
403	479
403	525
403	595
404	406
404	414
404	452
404	456
404	495
404	499
404	526
404	560
404	565
404	577
404	583
404	591
404	594
405	416
405	444
405	445
405	451
405	458
405	467
405	475
405	476
405	546
406	415
406	418
406	430
406	432
406	437
406	440
406	453
406	475
406	477
406	479
406	488
406	500
406	514
406	520
406	525
406	548
407	418
407	423
407	431
407	456
407	514
407	515
407	523
407	524
407	554
407	559
407	563
407	564
407	591
408	418
408	423
408	424
408	427
408	445
408	465
408	469
408	501
408	504
408	508
408	520
408	532
408	574
408	575
409	411
409	429
409	430
409	449
409	454
409	461
409	462
409	475
409	560
409	564
409	574
409	576
409	591
410	418
410	431
410	438
410	449
410	454
410	459
410	469
410	470
410	476
410	498
410	499
410	511
410	526
410	545
410	571
410	580
410	592
410	597
410	599
411	425
411	427
411	442
411	456
411	476
411	483
411	499
411	520
411	544
411	548
411	549
411	566
411	583
411	589
412	425
412	429
412	438
412	478
412	482
412	490
412	510
412	526
412	548
412	559
412	560
412	564
412	570
413	500
413	526
413	529
413	532
413	534
413	564
414	416
414	417
414	428
414	474
414	490
414	551
414	557
414	570
415	422
415	440
415	460
415	465
415	466
415	467
415	490
415	498
415	510
415	511
415	550
415	553
415	558
415	568
416	419
416	441
416	449
416	469
416	476
416	477
416	527
416	530
416	531
416	545
416	552
416	564
417	419
417	426
417	472
417	483
417	496
417	510
417	514
417	543
417	556
417	559
417	571
417	574
417	577
417	587
417	595
418	478
418	482
418	511
418	534
418	580
418	581
418	591
419	425
419	432
419	449
419	496
419	499
419	525
419	529
419	534
419	540
419	584
419	587
420	423
420	434
420	438
420	468
420	481
420	494
420	507
420	525
420	560
420	595
421	443
421	451
421	472
421	482
421	490
421	494
421	521
421	534
421	545
421	552
421	558
421	568
421	582
422	433
422	440
422	442
422	476
422	483
422	488
422	492
422	513
422	533
422	553
422	555
422	557
422	577
422	581
422	587
422	589
422	591
423	436
423	455
423	490
423	499
423	529
423	539
423	567
423	585
423	592
424	436
424	455
424	472
424	504
424	505
424	520
424	521
424	531
424	549
424	558
424	575
425	436
425	465
425	516
425	543
425	576
425	581
425	596
426	439
426	452
426	474
426	482
426	495
426	569
426	581
426	596
427	453
427	462
427	490
427	504
427	519
427	521
427	530
427	541
427	546
427	550
427	560
427	585
427	588
428	445
428	454
428	460
428	463
428	507
428	518
428	539
428	558
428	563
428	598
428	599
429	437
429	451
429	468
429	492
429	493
429	495
429	504
429	517
429	562
429	597
430	436
430	451
430	457
430	461
430	470
430	473
430	490
430	519
430	520
430	534
430	544
430	545
430	577
430	591
431	445
431	446
431	470
431	475
431	507
431	525
431	526
431	535
431	540
431	578
432	440
432	441
432	461
432	467
432	527
432	537
432	589
433	434
433	461
433	467
433	495
433	532
433	534
433	556
433	589
434	452
434	483
434	486
434	514
434	523
434	578
435	437
435	438
435	441
435	452
435	467
435	473
435	477
435	499
435	502
435	506
435	522
435	566
435	580
435	585
435	597
436	438
436	443
436	463
436	475
436	483
436	506
436	508
436	510
436	520
436	521
436	533
436	534
436	554
436	582
436	595
437	439
437	444
437	446
437	463
437	465
437	471
437	477
437	489
437	515
437	546
437	574
438	457
438	465
438	487
438	509
438	526
438	528
438	541
438	544
438	557
438	596
439	444
439	459
439	488
439	501
439	506
439	596
440	441
440	467
440	468
440	475
440	492
440	532
440	539
440	545
440	550
440	557
440	562
440	582
440	586
441	444
441	458
441	465
441	466
441	480
441	538
441	545
441	550
441	592
442	463
442	465
442	479
442	482
442	494
442	505
442	532
442	547
442	549
442	572
442	574
442	575
443	488
443	524
443	528
443	565
443	598
444	449
444	450
444	478
444	487
444	499
444	503
444	519
444	522
444	534
444	551
444	582
444	593
445	458
445	538
445	553
445	562
445	586
445	589
445	596
446	494
446	501
446	506
446	520
446	523
446	538
446	545
446	573
446	576
446	590
446	593
446	594
446	598
447	453
447	459
447	477
447	498
447	524
447	537
447	548
447	564
447	565
447	584
447	597
448	459
448	460
448	491
448	537
448	564
448	572
448	577
448	584
449	455
449	458
449	462
449	464
449	466
449	489
449	531
449	534
449	544
449	545
449	549
449	568
449	579
450	481
450	482
450	505
450	507
450	521
450	529
450	537
450	543
450	561
450	566
450	568
450	570
450	585
450	587
451	477
451	532
451	534
451	549
451	587
451	588
451	589
451	597
452	470
452	520
452	557
452	575
453	454
453	497
453	512
453	520
453	539
453	541
453	554
453	577
453	589
454	464
454	470
454	471
454	473
454	481
454	485
454	524
454	544
454	552
454	561
455	460
455	466
455	471
455	473
455	475
455	482
455	537
455	538
455	543
455	549
456	500
456	536
456	537
456	553
456	562
456	567
456	584
456	595
456	599
457	464
457	472
457	473
457	478
457	481
457	491
457	549
457	559
457	565
457	575
457	581
458	465
458	472
458	495
458	511
458	533
458	546
458	555
458	583
459	462
459	464
459	491
459	499
459	500
459	536
459	554
459	565
459	569
459	586
459	593
460	466
460	487
460	491
460	494
460	497
460	504
460	537
460	543
460	555
460	560
460	562
460	564
460	570
460	580
461	470
461	473
461	485
461	487
461	504
461	529
461	534
461	566
461	586
462	474
462	514
462	537
462	538
462	542
462	548
462	581
463	466
463	470
463	473
463	475
463	501
463	538
463	551
463	553
463	556
463	561
463	583
463	598
464	467
464	470
464	481
464	482
464	537
464	539
464	558
464	579
464	593
465	481
465	514
465	515
465	518
465	519
465	521
465	528
465	538
465	575
465	591
466	470
466	493
466	536
466	570
467	471
467	492
467	497
467	513
467	525
467	558
467	584
467	591
467	594
468	478
468	485
468	507
468	519
468	546
468	581
468	599
469	485
469	488
469	493
469	503
469	504
469	519
469	553
469	558
469	581
469	592
470	487
470	532
470	559
470	566
471	495
471	498
471	522
471	533
471	535
471	539
471	555
471	562
471	568
471	581
472	525
472	542
472	545
472	552
472	570
472	579
473	481
473	487
473	490
473	495
473	521
473	522
473	528
473	534
473	542
473	592
474	486
474	491
474	544
474	555
474	557
474	594
475	495
475	508
475	527
475	547
476	484
476	488
476	498
476	536
476	583
476	596
477	491
477	518
477	544
477	582
478	480
478	485
478	487
478	490
478	509
478	512
478	516
478	523
478	526
478	538
478	542
478	546
478	547
478	564
478	565
478	568
478	573
479	507
479	513
479	518
479	553
479	558
479	571
479	581
479	588
480	490
480	515
480	522
480	565
480	593
480	599
481	486
481	487
481	488
481	491
481	502
481	510
481	538
481	550
481	553
481	570
481	599
482	485
482	523
482	544
482	580
483	488
483	497
483	501
483	524
483	525
483	534
483	563
483	566
483	581
484	488
484	512
484	524
484	525
484	553
484	558
484	569
484	576
484	580
484	581
485	510
485	512
485	522
485	528
485	529
485	554
485	555
485	567
485	577
485	579
486	488
486	489
486	500
486	535
486	539
486	556
486	576
486	578
487	517
487	519
487	525
487	527
487	547
487	548
487	576
487	591
488	489
488	492
488	497
488	518
488	537
488	547
488	555
488	557
488	580
489	498
489	508
489	532
489	536
489	540
489	541
489	546
489	566
489	584
490	521
490	523
490	524
490	532
490	540
490	580
490	593
491	503
491	526
491	537
491	582
491	588
491	593
491	596
492	505
492	508
492	540
492	544
492	559
492	567
492	573
492	599
493	503
493	507
493	518
493	541
493	549
493	565
493	568
493	585
494	523
494	526
494	532
494	533
494	546
494	553
494	554
494	562
494	567
494	570
494	584
495	505
495	555
495	564
495	571
495	589
495	597
496	497
496	499
496	509
496	519
496	535
496	538
496	540
496	554
496	567
496	575
497	502
497	507
497	559
497	561
497	569
497	582
497	583
498	499
498	524
498	550
498	566
498	577
498	578
498	585
498	590
498	596
499	502
499	520
499	533
499	534
499	546
499	558
499	571
499	586
500	528
500	534
500	552
500	557
500	561
500	592
501	504
501	510
501	528
501	530
501	535
501	538
501	542
501	567
501	568
501	582
502	520
502	530
502	534
502	546
502	555
502	568
502	574
502	576
502	581
502	588
503	504
503	511
503	515
503	537
503	551
504	561
504	564
504	580
505	517
505	526
505	539
505	561
505	566
505	576
505	599
506	522
506	531
506	571
506	583
506	594
507	534
507	542
508	512
508	515
508	522
508	552
508	553
508	569
508	574
509	541
509	567
510	556
510	560
510	585
510	588
510	599
511	513
511	517
511	526
511	550
511	555
511	572
512	514
512	515
512	523
512	534
512	551
512	563
512	571
513	525
513	549
513	554
513	557
513	562
513	565
513	593
513	595
514	532
514	544
514	579
514	582
514	594
515	538
515	540
515	544
515	554
515	555
515	567
515	573
516	551
516	566
516	572
516	575
516	586
516	592
516	595
516	597
517	523
517	543
517	549
517	552
517	571
517	575
518	525
518	537
518	556
518	578
518	581
519	522
519	523
519	539
519	550
520	523
520	525
520	527
520	565
520	569
520	599
521	533
521	537
521	539
521	549
521	562
521	567
521	570
521	579
521	585
522	528
522	562
522	589
522	591
522	592
523	561
523	581
523	586
523	595
524	532
524	535
524	571
524	574
524	581
524	586
525	528
525	529
525	541
525	545
525	562
526	543
526	560
526	564
526	583
526	592
527	532
527	563
527	566
527	571
527	593
528	555
528	559
528	565
528	575
528	581
528	593
529	531
529	542
529	555
529	556
529	574
529	575
529	578
529	583
529	587
530	531
530	537
530	545
530	548
530	549
530	552
530	563
530	568
530	585
531	533
531	554
531	566
531	571
531	572
531	575
531	585
531	599
532	560
532	569
532	574
532	575
532	578
532	582
532	583
532	594
533	535
533	585
534	564
534	570
534	571
534	578
534	580
534	583
535	565
535	567
535	569
535	591
535	598
536	537
536	549
536	557
536	558
536	570
536	583
536	586
536	592
536	597
536	598
537	546
537	550
537	561
537	568
538	541
538	547
538	555
538	559
538	588
539	562
539	563
539	596
540	565
540	573
540	574
540	578
540	579
540	585
541	549
541	578
542	562
542	569
542	570
542	582
542	590
543	569
543	596
544	565
544	582
544	596
545	546
545	555
545	564
545	576
545	577
545	580
546	551
546	562
546	569
547	585
547	592
547	597
548	579
548	594
548	595
549	568
549	574
549	599
550	594
550	598
550	599
551	555
551	560
551	576
551	593
551	599
552	582
553	575
554	567
554	570
554	576
554	579
554	580
554	589
554	594
555	558
555	568
555	580
556	580
556	583
557	571
557	573
557	575
557	579
558	559
558	581
559	574
559	580
559	585
559	588
559	595
560	562
560	569
560	595
561	562
561	568
561	570
561	576
561	592
561	597
562	575
563	573
563	580
563	586
564	573
564	579
564	585
564	589
565	568
565	572
565	589
565	595
565	597
566	575
566	587
567	581
567	590
568	573
568	599
569	585
570	577
570	580
570	584
572	586
574	576
574	582
574	590
574	596
575	582
575	593
575	597
578	579
578	580
578	595
579	590
579	592
580	584
581	589
581	592
581	597
582	588
582	597
582	599
583	592
583	598
584	588
585	598
586	589
588	594
589	592
589	594
589	599
591	592
591	593
591	596
593	594
594	598
595	599
597	599
