0 20 55 100 114
1 85
2 37
3 5 16 18 40 56 78
4
6
7
8 47 75 105
9
10 29 31 81
11 106
12 94
13 42 64 66 91 96 119
14 52 115
15 39 49
17
19 79
21 74 77
22 28 48
23 107
24 88
25 30 57
26 59 68 108
27 93
32 65 113
33 111
34 302
35 150
36 109
38 134 160
41
43 63
44 76
45
46 54 58
50
51 86
53 101 116
60
61
62 89
67 72
69
70 71
73 413 439
80 92
82
83 352
84 87 118
90
95 240
97 98
99
102
103
104 110
112
117 152 170 539
120 176 191 358
121 147 178 219 221
122 143 189 207 211 235 273 280
123 210
124 129 158 193 194 269
125 130 135 140 187 202 228 237
126
127 139 142 159 181 195 217 225 227 239
128 155 203 206
131 223
132 162 209
133 161 199 354
136 216
137 230
138 242 251 254 260 266 274 289 296 299 307 308 345
141 220 222
144 188
145 157 197 215
146 156 196 208 231
148 171 233
149 154 179
151 572
153 213 238
163
164
165 192
166 268 301
167
168 173
169 214
172
174 270 332
175 224 236
177 184 262
180 243
182
183 297
185 234 278
186 291 312
190
198 204
200 212
201 335
205 244 303
218 232
226
229 249
241 356
245 261 310 322 341
246
247 288 314 320 329
248 318
250 276 285 319 324 355
252 334
253 271 282 284
255
256 295
257 344
258 281 351
259 264
263
265 275 346
267 323 342
272 305 333
277
279 337
283 330
286 290 293
287
292 316 347
294 327
298 380
300 357
306 326 331 343 359
309 338
311 315 339
313
317 348
321
325 340
328 350
336 349
353
360 425 442
361 430 467
362 388 390 399 407 426 435 451 458 473 478
363 423
364 415 568 569 588
365 448
366 434
367 418 437 465
368 385 499 509
369 396 479
370 387 403 419 446 579
371 502
372 433 447
373 397
374 424 429
375 389
376 391 410 417 421 443 456
377
378 382
379
381 428 454
383 412
384 476
386 532
392 549 581
393 408
394 441 464
395 485
398 422 577
400 427
401 449
402 445 534
404
405 409 585
406 555 580 590
411 495 526 554 599
414 475
416 438 466
420 484 566
431 500 545
432 459
436 462 474
440 452 460
444 470 574
450
453 520 527
455 463
457 518 558
461 469 477
468 494
471 488 510
472 481
480 490 522 531 553 583 595 597
482 505
483 512 533 538 596
486 525
487 541 586
489 491 515 564 594
492 547
493 598
496 513 563 589
497 516 537
498 528
501 508 519 521 565 575 587
503 556 573
504 536 540 543 544
506 576
507
511 561
514 591
517 530 551 592
523 567 584
524
529 557
535 571 582
542 552 559 560 562
546 570 578
548
550
593
