# k = 5
# N = 600
# alpha = 7
# beta = 0.666666666667
# Qe = 0.4
#	FromNodeId	ToNodeId
0	3
0	7
0	8
0	9
0	19
0	20
0	25
0	26
0	29
0	31
0	33
0	34
0	37
0	55
0	58
0	61
0	71
0	78
0	81
0	87
0	94
0	103
0	104
0	107
0	109
0	111
0	112
0	113
0	118
0	141
0	237
0	242
0	254
0	293
0	313
0	314
0	325
0	333
0	338
1	3
1	13
1	21
1	24
1	31
1	33
1	39
1	40
1	43
1	48
1	50
1	53
1	56
1	57
1	59
1	63
1	65
1	70
1	75
1	76
1	78
1	79
1	80
1	83
1	84
1	85
1	86
1	94
1	97
1	101
1	111
1	113
1	178
1	215
1	249
1	250
1	253
1	288
1	311
1	326
1	331
1	338
2	4
2	7
2	10
2	15
2	16
2	33
2	38
2	45
2	54
2	55
2	57
2	58
2	61
2	64
2	76
2	77
2	78
2	80
2	81
2	83
2	84
2	86
2	91
2	93
2	99
2	101
2	108
2	114
2	137
2	157
2	195
2	242
2	245
2	257
2	280
2	285
2	303
2	307
2	326
2	333
2	341
2	352
2	355
2	356
3	4
3	5
3	8
3	12
3	17
3	21
3	23
3	25
3	28
3	30
3	35
3	37
3	38
3	39
3	40
3	41
3	42
3	43
3	52
3	53
3	55
3	56
3	61
3	67
3	81
3	84
3	86
3	88
3	90
3	99
3	100
3	101
3	104
3	106
3	107
3	111
3	114
3	159
3	161
3	162
3	218
3	246
3	253
3	289
3	295
3	306
3	316
3	318
3	339
3	343
3	348
4	6
4	9
4	14
4	23
4	27
4	28
4	29
4	32
4	34
4	35
4	38
4	39
4	40
4	42
4	43
4	44
4	46
4	52
4	53
4	55
4	59
4	62
4	63
4	66
4	69
4	72
4	74
4	77
4	82
4	83
4	86
4	89
4	92
4	93
4	94
4	95
4	102
4	105
4	109
4	112
4	114
4	116
4	117
4	176
4	181
4	195
4	285
4	311
4	320
4	321
4	331
4	343
4	474
5	11
5	22
5	25
5	28
5	30
5	33
5	39
5	42
5	43
5	49
5	50
5	54
5	56
5	68
5	71
5	73
5	74
5	82
5	83
5	84
5	92
5	94
5	102
5	104
5	107
5	109
5	110
5	111
5	114
5	115
5	116
5	140
5	193
5	226
5	259
5	295
5	314
5	326
6	9
6	12
6	13
6	14
6	15
6	16
6	21
6	22
6	28
6	32
6	33
6	34
6	38
6	39
6	47
6	57
6	58
6	62
6	73
6	80
6	91
6	95
6	97
6	99
6	103
6	110
6	111
6	115
6	118
6	130
6	138
6	140
6	155
6	179
6	226
6	228
6	245
6	261
6	268
6	269
6	271
6	280
6	282
6	285
6	287
6	289
6	304
6	314
6	318
6	329
6	353
7	9
7	10
7	11
7	21
7	29
7	45
7	47
7	49
7	52
7	68
7	84
7	85
7	89
7	93
7	100
7	104
7	109
7	116
7	117
7	121
7	150
7	171
7	208
7	216
7	240
7	254
7	354
8	9
8	11
8	13
8	14
8	16
8	20
8	27
8	29
8	30
8	34
8	38
8	52
8	54
8	55
8	61
8	63
8	64
8	65
8	71
8	77
8	80
8	81
8	83
8	86
8	87
8	93
8	94
8	96
8	104
8	108
8	111
8	113
8	114
8	119
8	127
8	128
8	136
8	219
8	244
8	261
8	274
8	291
9	10
9	18
9	23
9	25
9	27
9	29
9	35
9	36
9	39
9	45
9	47
9	48
9	50
9	52
9	54
9	56
9	59
9	65
9	67
9	71
9	75
9	78
9	85
9	87
9	89
9	93
9	97
9	101
9	103
9	107
9	109
9	110
9	114
9	115
9	191
9	208
9	223
9	249
9	253
9	294
9	298
9	319
9	343
9	346
10	11
10	15
10	21
10	22
10	24
10	26
10	27
10	28
10	32
10	33
10	39
10	47
10	48
10	49
10	50
10	52
10	57
10	63
10	64
10	68
10	69
10	71
10	85
10	94
10	95
10	99
10	100
10	104
10	108
10	109
10	111
10	113
10	119
10	148
10	154
10	167
10	180
10	214
10	221
10	231
10	254
10	260
10	294
10	307
10	308
10	314
10	350
10	354
11	18
11	19
11	24
11	27
11	28
11	30
11	33
11	36
11	38
11	40
11	43
11	46
11	50
11	51
11	56
11	57
11	59
11	63
11	64
11	68
11	74
11	77
11	87
11	88
11	89
11	92
11	98
11	99
11	101
11	106
11	109
11	110
11	118
11	119
11	130
11	139
11	176
11	265
11	309
11	313
11	318
11	334
11	348
11	356
12	16
12	20
12	21
12	22
12	23
12	26
12	30
12	31
12	35
12	38
12	41
12	42
12	50
12	51
12	52
12	56
12	57
12	67
12	74
12	75
12	81
12	84
12	87
12	89
12	91
12	98
12	100
12	101
12	103
12	116
12	117
12	194
12	226
12	234
12	240
12	275
12	277
12	301
12	305
12	312
12	315
12	322
12	326
12	330
13	17
13	18
13	24
13	30
13	37
13	39
13	40
13	41
13	43
13	45
13	46
13	47
13	49
13	51
13	56
13	60
13	67
13	70
13	71
13	74
13	75
13	76
13	78
13	84
13	91
13	96
13	97
13	109
13	114
13	116
13	117
13	119
13	206
13	227
13	274
13	276
13	305
13	314
13	323
13	333
14	26
14	29
14	30
14	33
14	34
14	35
14	41
14	48
14	58
14	62
14	68
14	78
14	82
14	84
14	86
14	92
14	98
14	100
14	103
14	105
14	107
14	110
14	111
14	112
14	114
14	117
14	118
14	137
14	165
14	210
14	223
14	272
14	274
14	297
14	312
14	337
14	351
14	355
15	18
15	21
15	25
15	28
15	30
15	32
15	33
15	35
15	43
15	44
15	54
15	58
15	59
15	60
15	61
15	63
15	64
15	66
15	68
15	71
15	72
15	75
15	77
15	93
15	97
15	104
15	108
15	112
15	113
15	116
15	119
15	157
15	192
15	204
15	206
15	237
15	245
15	268
15	270
15	285
15	299
15	311
15	319
15	341
15	344
15	353
16	17
16	19
16	20
16	22
16	25
16	27
16	28
16	34
16	36
16	37
16	38
16	42
16	46
16	50
16	53
16	54
16	60
16	64
16	66
16	68
16	71
16	72
16	76
16	78
16	80
16	83
16	86
16	87
16	89
16	90
16	99
16	106
16	107
16	108
16	111
16	112
16	115
16	117
16	118
16	119
16	146
16	161
16	239
16	240
16	247
16	292
16	301
16	321
16	323
16	339
16	345
16	347
16	414
17	18
17	19
17	25
17	26
17	29
17	35
17	36
17	40
17	42
17	49
17	54
17	57
17	64
17	66
17	67
17	69
17	72
17	74
17	77
17	80
17	83
17	85
17	88
17	89
17	91
17	92
17	94
17	99
17	102
17	104
17	110
17	111
17	118
17	119
17	167
17	174
17	198
17	200
17	206
17	218
17	227
17	252
17	281
17	283
17	293
17	323
17	346
17	358
18	22
18	23
18	32
18	39
18	52
18	53
18	54
18	58
18	66
18	72
18	75
18	77
18	80
18	82
18	89
18	90
18	91
18	100
18	102
18	104
18	108
18	112
18	159
18	164
18	176
18	213
18	216
18	217
18	232
18	239
18	240
18	261
18	264
18	266
18	296
19	20
19	24
19	32
19	34
19	36
19	37
19	38
19	47
19	48
19	50
19	60
19	63
19	65
19	66
19	67
19	76
19	84
19	88
19	90
19	95
19	98
19	100
19	101
19	113
19	115
19	116
19	117
19	133
19	176
19	188
19	277
19	278
19	284
19	305
19	306
19	337
19	339
19	340
20	23
20	28
20	29
20	36
20	37
20	42
20	43
20	56
20	63
20	65
20	76
20	84
20	86
20	87
20	88
20	91
20	96
20	98
20	99
20	101
20	108
20	110
20	115
20	119
20	125
20	159
20	215
20	228
20	233
20	257
20	266
20	268
20	281
20	311
20	345
20	350
20	356
20	357
21	22
21	27
21	29
21	39
21	44
21	46
21	48
21	53
21	58
21	70
21	73
21	74
21	76
21	84
21	88
21	89
21	90
21	92
21	96
21	102
21	108
21	119
21	241
21	243
21	253
21	254
21	278
21	290
21	309
21	353
22	24
22	27
22	32
22	41
22	44
22	46
22	49
22	51
22	53
22	58
22	61
22	65
22	66
22	67
22	70
22	73
22	76
22	83
22	84
22	88
22	95
22	96
22	102
22	109
22	110
22	112
22	116
22	118
22	149
22	173
22	191
22	203
22	218
22	244
22	288
22	289
22	293
22	294
22	333
22	334
23	26
23	32
23	34
23	39
23	40
23	45
23	53
23	58
23	61
23	62
23	67
23	68
23	71
23	72
23	77
23	78
23	84
23	94
23	95
23	96
23	97
23	100
23	110
23	111
23	117
23	118
23	119
23	135
23	153
23	157
23	260
23	266
23	281
23	286
23	339
23	352
23	359
24	27
24	28
24	32
24	41
24	49
24	52
24	54
24	57
24	61
24	64
24	67
24	68
24	70
24	72
24	74
24	77
24	80
24	84
24	88
24	90
24	92
24	93
24	100
24	106
24	111
24	112
24	113
24	137
24	144
24	222
24	240
24	267
24	337
24	348
25	27
25	37
25	38
25	42
25	43
25	45
25	46
25	48
25	52
25	56
25	59
25	60
25	61
25	69
25	70
25	72
25	74
25	76
25	84
25	86
25	89
25	90
25	99
25	106
25	108
25	109
25	110
25	115
25	116
25	118
25	210
25	254
25	262
25	316
25	349
25	359
26	32
26	33
26	34
26	36
26	41
26	46
26	47
26	49
26	63
26	65
26	78
26	86
26	87
26	93
26	96
26	108
26	115
26	119
26	128
26	135
26	219
26	249
26	276
26	322
26	359
27	36
27	39
27	41
27	43
27	47
27	49
27	52
27	53
27	56
27	57
27	58
27	62
27	69
27	71
27	74
27	75
27	76
27	82
27	83
27	96
27	101
27	107
27	109
27	110
27	111
27	112
27	145
27	213
27	216
27	246
27	262
27	265
27	274
27	275
27	279
27	329
27	340
27	359
28	31
28	39
28	40
28	46
28	54
28	61
28	62
28	63
28	67
28	71
28	76
28	85
28	87
28	91
28	92
28	95
28	97
28	98
28	105
28	109
28	111
28	112
28	113
28	115
28	141
28	155
28	160
28	202
28	220
28	226
28	254
28	274
28	281
28	318
28	319
28	358
29	30
29	31
29	36
29	38
29	41
29	44
29	56
29	59
29	60
29	62
29	75
29	77
29	81
29	82
29	89
29	91
29	95
29	102
29	104
29	105
29	106
29	107
29	114
29	116
29	122
29	310
29	312
29	314
29	318
29	320
29	336
30	31
30	33
30	38
30	40
30	42
30	43
30	46
30	47
30	48
30	54
30	57
30	64
30	67
30	68
30	71
30	74
30	78
30	81
30	88
30	92
30	93
30	105
30	143
30	162
30	176
30	247
30	249
30	289
30	298
30	300
30	304
30	315
30	326
30	332
30	339
30	340
30	351
31	36
31	38
31	39
31	42
31	46
31	48
31	50
31	52
31	53
31	57
31	63
31	67
31	75
31	76
31	81
31	82
31	83
31	89
31	91
31	97
31	98
31	99
31	107
31	108
31	109
31	112
31	170
31	207
31	211
31	245
31	246
31	253
31	259
31	264
31	295
32	38
32	41
32	43
32	44
32	49
32	51
32	52
32	55
32	57
32	58
32	60
32	65
32	66
32	69
32	72
32	79
32	80
32	81
32	83
32	84
32	85
32	91
32	98
32	100
32	104
32	105
32	106
32	113
32	115
32	126
32	143
32	159
32	170
32	198
32	278
32	282
32	308
32	314
32	321
32	331
33	39
33	41
33	45
33	47
33	49
33	55
33	58
33	59
33	64
33	66
33	71
33	72
33	73
33	76
33	79
33	81
33	82
33	86
33	87
33	93
33	94
33	96
33	98
33	107
33	108
33	110
33	115
33	118
33	122
33	135
33	161
33	215
33	240
33	241
33	269
33	283
33	287
33	311
33	315
33	323
33	326
33	347
33	352
34	35
34	36
34	43
34	46
34	48
34	49
34	54
34	56
34	63
34	68
34	69
34	77
34	80
34	84
34	89
34	91
34	92
34	94
34	99
34	107
34	114
34	117
34	134
34	243
34	264
34	266
34	285
34	300
34	339
35	36
35	38
35	43
35	54
35	63
35	64
35	67
35	75
35	76
35	78
35	79
35	80
35	93
35	96
35	98
35	101
35	103
35	104
35	107
35	110
35	113
35	119
35	124
35	126
35	149
35	156
35	179
35	190
35	274
35	278
35	280
35	293
35	339
36	38
36	42
36	45
36	47
36	50
36	51
36	54
36	62
36	66
36	73
36	75
36	76
36	77
36	80
36	87
36	91
36	93
36	95
36	103
36	111
36	112
36	115
36	116
36	117
36	238
36	241
36	254
36	261
36	290
36	311
36	353
37	39
37	52
37	54
37	64
37	70
37	71
37	76
37	79
37	80
37	81
37	84
37	88
37	90
37	92
37	95
37	96
37	100
37	104
37	125
37	126
37	159
37	166
37	167
37	243
37	254
37	262
37	295
37	323
37	337
38	41
38	45
38	46
38	55
38	62
38	65
38	68
38	71
38	79
38	80
38	88
38	92
38	94
38	100
38	103
38	107
38	108
38	109
38	110
38	111
38	145
38	234
38	253
38	256
38	260
38	265
38	270
38	276
38	277
38	279
38	285
38	313
38	325
38	356
38	592
39	40
39	44
39	45
39	48
39	49
39	64
39	68
39	69
39	71
39	72
39	76
39	80
39	81
39	85
39	87
39	89
39	99
39	103
39	105
39	109
39	117
39	119
39	128
39	129
39	144
39	166
39	178
39	197
39	272
39	276
39	277
39	302
39	346
40	42
40	50
40	51
40	52
40	56
40	57
40	58
40	65
40	67
40	69
40	70
40	71
40	75
40	80
40	86
40	89
40	95
40	99
40	101
40	105
40	106
40	109
40	111
40	117
40	141
40	201
40	224
40	247
40	290
40	299
40	340
40	358
41	43
41	48
41	50
41	53
41	54
41	59
41	62
41	67
41	70
41	72
41	74
41	75
41	76
41	88
41	89
41	90
41	93
41	95
41	98
41	99
41	106
41	108
41	196
41	263
41	270
41	303
41	308
41	337
42	45
42	46
42	48
42	50
42	52
42	57
42	60
42	63
42	64
42	67
42	68
42	71
42	76
42	85
42	94
42	96
42	98
42	101
42	105
42	108
42	110
42	112
42	156
42	200
42	225
42	244
42	247
42	254
42	263
42	311
42	313
42	323
43	46
43	47
43	48
43	54
43	56
43	57
43	63
43	65
43	70
43	71
43	84
43	85
43	103
43	105
43	106
43	110
43	118
43	172
43	188
43	195
43	218
43	256
43	288
43	295
43	324
43	344
43	350
44	47
44	50
44	51
44	55
44	56
44	60
44	63
44	65
44	66
44	70
44	71
44	73
44	76
44	87
44	88
44	92
44	96
44	98
44	101
44	112
44	114
44	119
44	171
44	178
44	179
44	188
44	260
44	275
44	276
44	289
44	326
44	337
44	534
45	46
45	51
45	53
45	56
45	60
45	61
45	72
45	74
45	82
45	85
45	91
45	94
45	95
45	96
45	98
45	105
45	107
45	108
45	117
45	207
45	235
45	262
45	264
45	284
45	290
45	293
45	297
45	308
45	337
45	346
45	350
46	49
46	54
46	55
46	62
46	65
46	66
46	68
46	73
46	75
46	76
46	81
46	82
46	86
46	88
46	89
46	96
46	104
46	114
46	115
46	121
46	145
46	205
46	213
46	231
46	262
46	277
46	308
46	326
47	49
47	52
47	57
47	63
47	64
47	65
47	69
47	70
47	81
47	86
47	88
47	89
47	99
47	101
47	102
47	117
47	119
47	144
47	186
47	208
47	211
47	227
47	237
47	246
47	250
47	256
47	263
47	282
47	297
47	301
47	346
47	355
48	52
48	55
48	58
48	62
48	63
48	65
48	67
48	70
48	73
48	80
48	83
48	85
48	87
48	95
48	97
48	100
48	101
48	102
48	105
48	106
48	107
48	110
48	114
48	115
48	121
48	182
48	183
48	191
48	243
48	301
48	323
48	326
48	346
48	349
49	51
49	61
49	71
49	75
49	77
49	78
49	94
49	99
49	101
49	103
49	105
49	106
49	109
49	110
49	114
49	117
49	138
49	248
49	289
49	293
49	358
50	54
50	56
50	59
50	74
50	75
50	78
50	84
50	88
50	91
50	93
50	97
50	107
50	110
50	111
50	114
50	130
50	140
50	166
50	188
50	202
50	212
50	215
50	261
50	288
50	304
50	308
50	312
50	315
50	325
50	327
50	339
51	58
51	60
51	72
51	77
51	80
51	87
51	88
51	90
51	92
51	97
51	102
51	103
51	105
51	111
51	114
51	115
51	117
51	118
51	180
51	229
51	247
51	282
51	290
51	322
51	358
52	53
52	61
52	67
52	71
52	75
52	77
52	87
52	92
52	95
52	99
52	101
52	106
52	109
52	112
52	113
52	117
52	129
52	227
52	253
52	256
52	294
52	297
52	322
52	325
52	328
52	347
53	55
53	58
53	61
53	65
53	68
53	72
53	73
53	75
53	76
53	84
53	85
53	87
53	92
53	95
53	97
53	100
53	102
53	107
53	117
53	118
53	119
53	137
53	155
53	199
53	240
53	268
53	316
53	321
54	56
54	57
54	66
54	73
54	74
54	75
54	77
54	78
54	80
54	81
54	83
54	87
54	90
54	91
54	95
54	99
54	100
54	105
54	108
54	111
54	112
54	113
54	116
54	119
54	126
54	127
54	161
54	173
54	188
54	191
54	210
54	241
54	243
54	272
54	296
54	328
55	56
55	57
55	61
55	66
55	67
55	72
55	76
55	81
55	84
55	86
55	87
55	88
55	90
55	95
55	97
55	101
55	102
55	103
55	107
55	108
55	109
55	110
55	118
55	170
55	171
55	231
55	249
55	252
55	284
55	292
55	294
55	327
55	345
55	348
56	57
56	74
56	78
56	85
56	94
56	96
56	99
56	100
56	101
56	110
56	112
56	115
56	119
56	136
56	264
56	279
56	284
56	330
56	332
56	341
56	347
57	58
57	60
57	73
57	77
57	79
57	81
57	89
57	90
57	91
57	94
57	98
57	99
57	107
57	117
57	118
57	119
57	205
57	209
57	225
57	231
57	236
57	263
57	292
57	341
57	344
57	346
58	66
58	73
58	83
58	85
58	87
58	88
58	91
58	92
58	94
58	97
58	101
58	102
58	103
58	104
58	105
58	108
58	119
58	150
58	163
58	229
58	241
58	257
58	268
58	282
58	286
58	302
59	61
59	62
59	70
59	76
59	77
59	82
59	86
59	87
59	89
59	95
59	97
59	99
59	102
59	104
59	107
59	113
59	116
59	117
59	147
59	199
59	202
59	241
59	279
59	340
60	65
60	69
60	71
60	88
60	89
60	93
60	94
60	99
60	105
60	109
60	111
60	115
60	167
60	182
60	203
60	204
60	228
60	241
60	291
60	298
60	305
60	319
60	348
60	418
61	63
61	64
61	65
61	73
61	74
61	76
61	84
61	87
61	97
61	100
61	101
61	106
61	107
61	110
61	134
61	191
61	245
61	253
61	273
61	285
61	288
61	299
62	63
62	70
62	72
62	76
62	79
62	82
62	86
62	87
62	88
62	92
62	95
62	96
62	98
62	100
62	101
62	113
62	119
62	127
62	167
62	182
62	218
62	242
62	246
62	270
62	285
62	287
62	288
62	311
62	326
63	65
63	69
63	72
63	77
63	78
63	82
63	86
63	89
63	90
63	93
63	97
63	101
63	102
63	106
63	112
63	113
63	117
63	126
63	199
63	215
63	221
63	260
63	293
63	304
63	312
63	335
63	338
63	352
64	69
64	70
64	77
64	78
64	82
64	84
64	94
64	95
64	101
64	109
64	115
64	146
64	177
64	188
64	223
64	232
64	237
64	254
64	259
64	272
64	284
64	291
64	299
64	301
64	305
64	307
64	311
65	68
65	72
65	73
65	76
65	79
65	88
65	91
65	100
65	105
65	107
65	108
65	109
65	117
65	119
65	134
65	242
65	267
65	274
65	298
65	301
65	302
65	304
65	308
65	319
65	320
65	323
65	325
65	337
65	343
65	359
66	67
66	72
66	74
66	75
66	77
66	85
66	89
66	95
66	96
66	97
66	100
66	103
66	104
66	109
66	113
66	114
66	118
66	119
66	173
66	261
66	267
66	275
66	289
66	297
66	299
66	310
66	314
66	333
66	354
66	356
67	69
67	70
67	73
67	76
67	83
67	85
67	87
67	89
67	92
67	93
67	96
67	99
67	101
67	111
67	116
67	186
67	223
67	263
67	272
67	279
67	350
67	354
67	356
68	74
68	75
68	82
68	83
68	110
68	115
68	136
68	137
68	143
68	178
68	191
68	263
68	321
68	356
68	357
69	70
69	73
69	88
69	93
69	94
69	97
69	99
69	106
69	109
69	110
69	111
69	191
69	248
69	265
69	276
69	280
69	283
69	291
69	302
69	307
69	314
69	339
69	347
69	354
70	78
70	85
70	86
70	94
70	96
70	98
70	102
70	103
70	106
70	110
70	113
70	138
70	159
70	178
70	212
70	232
70	237
70	274
70	292
70	298
70	335
70	346
70	347
70	349
71	77
71	78
71	79
71	81
71	82
71	85
71	89
71	94
71	95
71	97
71	99
71	101
71	104
71	105
71	113
71	140
71	166
71	177
71	250
71	270
71	271
71	279
71	307
71	313
71	317
71	325
71	338
72	75
72	78
72	79
72	88
72	90
72	93
72	103
72	105
72	106
72	110
72	115
72	117
72	125
72	136
72	139
72	150
72	169
72	245
72	247
72	262
72	266
72	272
72	319
72	323
72	324
72	333
73	79
73	80
73	85
73	86
73	94
73	95
73	96
73	99
73	101
73	104
73	106
73	115
73	117
73	132
73	150
73	189
73	210
73	253
73	276
73	279
73	319
73	329
73	347
73	351
73	356
74	86
74	89
74	91
74	98
74	100
74	102
74	106
74	113
74	118
74	137
74	197
74	290
74	303
74	348
75	76
75	77
75	91
75	101
75	106
75	107
75	114
75	120
75	147
75	194
75	212
75	255
75	263
75	291
75	316
75	333
76	79
76	80
76	83
76	84
76	89
76	96
76	102
76	104
76	105
76	109
76	112
76	116
76	117
76	132
76	138
76	151
76	157
76	178
76	206
76	245
76	247
76	281
76	286
76	296
76	356
76	359
76	458
77	78
77	86
77	95
77	98
77	105
77	111
77	112
77	116
77	117
77	118
77	268
77	279
77	280
77	332
77	335
78	79
78	92
78	105
78	107
78	109
78	113
78	117
78	172
78	194
78	200
78	211
78	287
78	309
78	313
78	357
79	83
79	84
79	89
79	92
79	100
79	101
79	102
79	108
79	115
79	116
79	119
79	150
79	183
79	248
79	249
79	285
79	305
80	84
80	87
80	90
80	93
80	94
80	95
80	96
80	97
80	99
80	100
80	103
80	110
80	112
80	113
80	116
80	117
80	118
80	157
80	193
80	224
80	244
80	254
80	262
80	288
80	315
80	316
80	318
80	322
81	87
81	88
81	91
81	93
81	99
81	100
81	102
81	103
81	106
81	110
81	112
81	117
81	119
81	132
81	161
81	164
81	193
81	258
81	292
81	295
81	317
81	334
82	87
82	95
82	96
82	102
82	105
82	109
82	118
82	119
82	143
82	184
82	195
82	247
82	285
82	337
82	342
82	348
82	355
83	84
83	86
83	88
83	93
83	99
83	100
83	101
83	104
83	105
83	110
83	113
83	115
83	126
83	137
83	147
83	155
83	156
83	159
83	163
83	173
83	187
83	196
83	248
83	265
83	315
83	343
84	86
84	87
84	88
84	92
84	93
84	98
84	102
84	103
84	105
84	106
84	112
84	117
84	118
84	119
84	201
84	216
84	218
84	269
84	292
84	337
84	343
85	90
85	94
85	99
85	104
85	105
85	106
85	107
85	110
85	113
85	118
85	119
85	152
85	159
85	174
85	261
85	265
85	302
85	307
85	356
86	88
86	92
86	94
86	96
86	99
86	103
86	114
86	118
86	186
86	194
86	245
86	246
86	269
86	272
86	274
86	282
86	306
86	311
86	344
86	352
87	88
87	90
87	93
87	95
87	102
87	104
87	109
87	110
87	131
87	138
87	194
87	202
87	232
87	258
87	270
87	291
87	293
87	302
87	329
87	339
87	353
88	91
88	94
88	102
88	103
88	108
88	109
88	112
88	113
88	119
88	166
88	232
88	247
88	262
88	263
88	269
88	284
88	288
88	330
89	95
89	107
89	108
89	110
89	112
89	113
89	114
89	116
89	117
89	118
89	119
89	125
89	139
89	143
89	162
89	163
89	268
89	283
89	290
89	293
89	295
89	297
89	322
89	325
89	330
89	344
89	357
90	91
90	92
90	93
90	97
90	105
90	113
90	114
90	116
90	121
90	133
90	140
90	182
90	194
90	211
90	261
90	262
90	278
90	299
90	303
90	313
90	321
90	333
90	339
90	340
91	98
91	100
91	102
91	103
91	105
91	106
91	108
91	110
91	116
91	117
91	118
91	149
91	150
91	154
91	212
91	224
91	231
91	251
91	305
91	312
91	313
91	339
91	468
92	93
92	97
92	99
92	101
92	102
92	105
92	106
92	109
92	111
92	114
92	117
92	118
92	121
92	124
92	143
92	148
92	152
92	181
92	201
92	219
92	288
92	310
92	314
92	315
92	318
92	327
92	332
93	98
93	109
93	114
93	146
93	157
93	170
93	190
93	194
93	214
93	217
93	241
93	284
93	289
93	318
93	324
93	328
93	332
94	97
94	106
94	113
94	114
94	116
94	179
94	180
94	189
94	233
94	242
94	245
94	261
94	271
94	288
94	310
94	315
94	322
94	337
94	349
95	99
95	100
95	103
95	104
95	109
95	110
95	112
95	113
95	118
95	190
95	199
95	202
95	216
95	249
95	254
95	265
95	266
95	279
95	280
95	305
95	309
95	322
95	336
96	101
96	105
96	108
96	113
96	119
96	129
96	133
96	137
96	178
96	249
96	254
96	263
96	271
96	290
96	347
97	98
97	104
97	105
97	106
97	108
97	112
97	165
97	166
97	198
97	199
97	219
97	258
97	290
97	303
97	344
98	101
98	104
98	107
98	109
98	110
98	111
98	115
98	119
98	222
98	227
98	239
98	240
98	280
98	305
98	308
98	313
98	320
98	322
98	323
98	342
98	356
99	100
99	102
99	105
99	107
99	108
99	111
99	112
99	113
99	117
99	133
99	158
99	235
99	245
99	265
99	270
99	349
99	355
100	113
100	114
100	115
100	127
100	167
100	168
100	180
100	218
100	223
100	224
100	263
100	279
100	280
100	281
100	324
100	333
100	350
100	359
101	103
101	109
101	113
101	114
101	115
101	117
101	119
101	123
101	130
101	166
101	192
101	195
101	206
101	237
101	277
101	280
101	289
101	298
101	325
102	103
102	104
102	109
102	112
102	151
102	166
102	204
102	214
102	233
102	252
102	276
102	286
102	310
102	344
103	104
103	105
103	109
103	110
103	116
103	119
103	156
103	174
103	189
103	245
103	261
103	299
103	303
103	306
103	326
104	106
104	108
104	111
104	118
104	119
104	247
104	283
104	294
104	321
104	333
104	342
104	343
105	106
105	109
105	110
105	115
105	116
105	165
105	200
105	221
105	243
105	253
105	267
105	273
105	283
105	289
105	294
105	296
105	307
105	335
105	356
105	358
106	108
106	112
106	113
106	116
106	118
106	119
106	165
106	182
106	198
106	275
106	281
106	300
106	302
106	311
106	312
106	314
106	340
106	358
107	111
107	115
107	119
107	193
107	195
107	260
107	271
107	300
107	334
108	115
108	117
108	125
108	126
108	134
108	147
108	156
108	281
108	282
108	283
109	111
109	112
109	113
109	115
109	123
109	167
109	183
109	224
109	241
109	242
109	249
109	252
109	256
109	274
109	281
109	283
109	316
109	333
109	335
110	111
110	114
110	135
110	173
110	214
110	219
110	252
110	273
110	275
110	301
110	306
110	317
110	318
110	326
110	331
111	113
111	116
111	122
111	129
111	151
111	179
111	180
111	183
111	185
111	226
111	264
111	266
111	270
111	277
111	283
111	288
111	292
111	293
111	327
111	334
111	345
111	353
112	114
112	115
112	191
112	212
112	233
112	248
112	298
112	303
112	304
112	345
113	146
113	180
113	210
113	216
113	266
113	271
113	293
113	306
113	307
113	330
113	345
113	355
114	115
114	118
114	177
114	181
114	182
114	192
114	195
114	204
114	244
114	246
114	266
114	304
114	349
114	358
115	116
115	118
115	212
115	216
115	240
115	246
115	262
115	282
115	287
115	291
115	294
115	309
115	336
115	348
116	118
116	119
116	138
116	193
116	229
116	231
116	235
116	247
116	255
116	259
116	267
116	290
116	312
116	320
116	322
116	341
116	351
117	131
117	181
117	195
117	255
117	264
117	299
117	304
117	319
117	323
117	324
117	336
118	139
118	234
118	250
118	266
118	279
118	302
118	306
118	317
118	359
119	145
119	158
119	163
119	171
119	203
119	236
119	243
119	244
119	260
119	280
119	283
119	301
119	314
119	339
120	124
120	127
120	130
120	131
120	132
120	133
120	134
120	136
120	139
120	142
120	143
120	147
120	148
120	153
120	154
120	157
120	165
120	172
120	174
120	177
120	180
120	190
120	193
120	195
120	198
120	201
120	205
120	209
120	211
120	213
120	217
120	218
120	221
120	228
120	230
120	238
120	320
121	124
121	126
121	128
121	129
121	141
121	142
121	151
121	156
121	157
121	158
121	160
121	168
121	170
121	171
121	174
121	178
121	179
121	180
121	181
121	182
121	185
121	186
121	188
121	189
121	191
121	192
121	200
121	201
121	202
121	206
121	212
121	214
121	219
121	224
121	233
121	239
121	326
122	126
122	129
122	130
122	131
122	132
122	135
122	137
122	141
122	146
122	150
122	154
122	156
122	162
122	163
122	166
122	169
122	172
122	173
122	176
122	177
122	182
122	185
122	189
122	190
122	191
122	194
122	202
122	203
122	204
122	207
122	221
122	223
122	224
122	225
122	226
122	229
122	239
122	295
122	302
122	317
122	326
123	124
123	131
123	141
123	143
123	145
123	146
123	149
123	156
123	161
123	164
123	170
123	172
123	176
123	178
123	182
123	183
123	191
123	192
123	193
123	195
123	199
123	200
123	202
123	204
123	206
123	210
123	211
123	212
123	214
123	218
123	222
123	237
123	238
124	126
124	137
124	138
124	141
124	145
124	155
124	156
124	160
124	161
124	164
124	165
124	172
124	173
124	179
124	183
124	185
124	189
124	190
124	192
124	195
124	198
124	203
124	204
124	205
124	209
124	219
124	221
124	222
124	224
124	229
124	231
124	237
124	238
125	131
125	137
125	138
125	146
125	160
125	161
125	174
125	178
125	179
125	186
125	190
125	201
125	206
125	210
125	211
125	213
125	216
125	218
125	223
125	225
125	235
125	239
125	338
126	127
126	129
126	134
126	135
126	142
126	145
126	146
126	157
126	159
126	161
126	167
126	171
126	172
126	173
126	174
126	182
126	187
126	194
126	202
126	205
126	207
126	208
126	220
126	221
126	222
126	225
126	226
126	227
126	229
126	231
126	236
126	291
126	357
127	129
127	132
127	136
127	140
127	141
127	144
127	145
127	147
127	148
127	160
127	162
127	168
127	171
127	172
127	180
127	181
127	185
127	194
127	195
127	196
127	197
127	200
127	201
127	204
127	207
127	212
127	214
127	215
127	218
127	221
127	227
127	233
127	239
127	310
128	133
128	134
128	136
128	137
128	148
128	150
128	153
128	158
128	170
128	173
128	178
128	181
128	184
128	185
128	186
128	193
128	203
128	209
128	211
128	212
128	213
128	216
128	223
128	224
128	228
128	229
128	236
129	130
129	134
129	138
129	143
129	144
129	145
129	148
129	149
129	150
129	152
129	154
129	155
129	157
129	160
129	161
129	163
129	164
129	170
129	172
129	173
129	174
129	180
129	183
129	186
129	190
129	196
129	197
129	211
129	213
129	215
129	216
129	226
129	230
129	231
129	232
129	285
129	303
129	325
130	131
130	137
130	138
130	142
130	143
130	147
130	149
130	150
130	151
130	152
130	153
130	157
130	160
130	161
130	162
130	170
130	172
130	176
130	178
130	182
130	189
130	190
130	196
130	197
130	199
130	201
130	202
130	205
130	209
130	212
130	214
130	217
130	218
130	220
130	222
130	224
130	225
130	228
130	231
130	232
130	308
130	316
131	137
131	140
131	145
131	149
131	151
131	153
131	156
131	157
131	161
131	163
131	165
131	173
131	174
131	175
131	177
131	182
131	186
131	189
131	193
131	195
131	197
131	198
131	204
131	208
131	217
131	221
131	222
131	225
131	228
131	229
131	231
131	233
131	234
131	238
131	297
132	136
132	144
132	147
132	149
132	150
132	153
132	154
132	156
132	160
132	163
132	164
132	165
132	169
132	172
132	178
132	181
132	182
132	184
132	186
132	187
132	189
132	200
132	210
132	213
132	216
132	220
132	223
132	225
132	226
132	229
132	231
132	235
132	236
132	237
132	266
133	134
133	136
133	137
133	139
133	142
133	149
133	155
133	174
133	177
133	187
133	192
133	194
133	196
133	199
133	203
133	204
133	216
133	225
133	227
133	229
133	235
133	237
133	238
134	135
134	139
134	140
134	141
134	143
134	145
134	151
134	155
134	157
134	159
134	160
134	164
134	165
134	167
134	168
134	169
134	170
134	171
134	174
134	182
134	184
134	189
134	192
134	196
134	201
134	203
134	207
134	209
134	210
134	219
134	224
134	226
134	228
134	239
134	295
134	316
134	356
135	138
135	143
135	147
135	148
135	149
135	150
135	153
135	156
135	157
135	158
135	159
135	160
135	167
135	169
135	171
135	182
135	188
135	191
135	193
135	194
135	196
135	197
135	199
135	209
135	213
135	214
135	215
135	218
135	219
135	220
135	222
135	228
135	232
135	234
135	359
136	137
136	140
136	143
136	145
136	147
136	148
136	153
136	156
136	157
136	158
136	159
136	164
136	167
136	171
136	172
136	176
136	177
136	192
136	193
136	198
136	200
136	201
136	202
136	206
136	212
136	216
136	219
136	221
136	222
136	223
136	225
136	226
136	227
136	232
136	233
136	237
137	146
137	147
137	149
137	151
137	154
137	162
137	166
137	168
137	173
137	183
137	186
137	191
137	193
137	197
137	199
137	201
137	205
137	209
137	210
137	211
137	212
137	214
137	220
137	225
137	233
137	239
137	300
138	145
138	148
138	157
138	158
138	163
138	168
138	169
138	172
138	182
138	184
138	188
138	193
138	208
138	209
138	214
138	215
138	220
138	222
138	223
138	224
138	225
138	226
138	227
138	228
138	230
138	236
139	146
139	147
139	148
139	149
139	150
139	151
139	154
139	155
139	159
139	166
139	168
139	169
139	170
139	176
139	182
139	187
139	189
139	194
139	198
139	226
139	228
139	229
139	230
139	232
139	235
139	560
140	147
140	154
140	155
140	159
140	161
140	162
140	165
140	166
140	170
140	178
140	184
140	186
140	188
140	190
140	191
140	201
140	204
140	205
140	206
140	211
140	212
140	214
140	217
140	219
140	220
140	222
140	224
140	225
140	237
140	239
140	332
140	481
141	144
141	147
141	148
141	151
141	156
141	162
141	163
141	166
141	169
141	184
141	186
141	189
141	196
141	209
141	212
141	213
141	214
141	221
141	223
141	225
141	227
141	228
141	230
141	236
141	244
141	278
141	295
141	299
142	144
142	146
142	148
142	151
142	152
142	163
142	165
142	168
142	170
142	174
142	177
142	181
142	186
142	191
142	192
142	193
142	200
142	202
142	206
142	207
142	211
142	216
142	225
142	226
142	227
142	230
142	231
142	233
142	237
142	300
142	356
143	145
143	153
143	158
143	162
143	164
143	179
143	180
143	185
143	188
143	189
143	191
143	193
143	194
143	197
143	199
143	201
143	217
143	219
143	226
143	228
143	231
143	233
143	239
143	323
144	149
144	151
144	152
144	153
144	160
144	162
144	164
144	174
144	177
144	182
144	184
144	185
144	188
144	190
144	193
144	195
144	196
144	203
144	210
144	214
144	220
144	221
144	224
144	226
144	229
144	234
144	268
144	290
144	331
145	146
145	149
145	154
145	155
145	159
145	160
145	161
145	164
145	167
145	168
145	169
145	180
145	187
145	196
145	199
145	200
145	201
145	203
145	204
145	205
145	211
145	213
145	214
145	217
145	218
145	219
145	220
145	223
145	225
145	227
145	231
145	233
145	275
146	148
146	150
146	154
146	160
146	168
146	173
146	177
146	181
146	182
146	190
146	193
146	195
146	197
146	199
146	204
146	208
146	217
146	219
146	221
146	224
146	225
146	229
146	233
146	234
146	239
146	336
147	153
147	155
147	156
147	165
147	169
147	178
147	179
147	181
147	183
147	190
147	193
147	198
147	199
147	207
147	210
147	211
147	215
147	219
147	221
147	224
147	228
147	237
148	155
148	156
148	166
148	168
148	169
148	170
148	172
148	173
148	176
148	177
148	178
148	179
148	184
148	194
148	202
148	206
148	207
148	208
148	210
148	211
148	216
148	218
148	222
148	225
148	237
148	238
148	239
148	253
148	349
149	150
149	151
149	153
149	164
149	165
149	167
149	168
149	169
149	175
149	176
149	182
149	187
149	193
149	196
149	200
149	208
149	210
149	212
149	215
149	224
149	226
149	234
149	239
149	254
149	306
150	155
150	157
150	160
150	167
150	169
150	171
150	173
150	181
150	182
150	186
150	187
150	188
150	190
150	191
150	193
150	195
150	199
150	200
150	203
150	208
150	213
150	215
150	216
150	218
150	220
150	222
150	224
150	226
150	227
150	236
150	560
151	155
151	156
151	166
151	169
151	170
151	177
151	178
151	182
151	183
151	185
151	196
151	197
151	198
151	203
151	206
151	207
151	209
151	210
151	215
151	217
151	225
151	228
151	230
151	237
151	239
152	154
152	171
152	172
152	173
152	174
152	180
152	183
152	184
152	191
152	194
152	199
152	200
152	201
152	202
152	203
152	204
152	215
152	217
152	225
152	226
152	227
152	228
152	232
152	235
152	238
152	277
153	156
153	167
153	172
153	177
153	180
153	188
153	194
153	198
153	210
153	211
153	212
153	214
153	221
153	224
153	225
153	229
153	235
153	237
154	168
154	178
154	179
154	183
154	185
154	186
154	195
154	201
154	204
154	210
154	211
154	214
154	216
154	219
154	223
154	224
154	225
154	236
154	271
154	493
155	164
155	169
155	171
155	179
155	180
155	182
155	189
155	195
155	196
155	197
155	203
155	208
155	215
155	217
155	222
155	227
155	228
155	229
155	239
155	263
156	161
156	166
156	169
156	173
156	179
156	190
156	191
156	201
156	202
156	203
156	204
156	205
156	206
156	211
156	212
156	213
156	214
156	217
156	219
156	229
156	230
156	232
156	233
156	234
156	235
156	238
157	158
157	159
157	163
157	166
157	167
157	169
157	170
157	171
157	178
157	180
157	184
157	185
157	189
157	192
157	195
157	205
157	208
157	209
157	211
157	216
157	219
157	221
157	223
157	230
157	231
157	234
157	277
157	294
157	303
158	159
158	161
158	167
158	168
158	175
158	176
158	180
158	181
158	187
158	191
158	194
158	196
158	198
158	200
158	202
158	204
158	213
158	222
158	226
158	227
158	233
158	234
158	264
158	288
158	320
159	162
159	166
159	167
159	169
159	186
159	194
159	196
159	199
159	201
159	203
159	210
159	212
159	216
159	220
159	223
159	226
159	227
159	228
159	235
159	250
159	276
159	315
160	164
160	165
160	167
160	170
160	171
160	178
160	181
160	182
160	184
160	187
160	197
160	198
160	199
160	201
160	204
160	209
160	215
160	219
160	221
160	231
160	312
161	164
161	166
161	167
161	174
161	184
161	188
161	193
161	195
161	199
161	205
161	206
161	207
161	208
161	213
161	216
161	223
161	226
161	229
161	230
161	233
161	237
162	163
162	166
162	168
162	171
162	172
162	183
162	193
162	197
162	200
162	202
162	206
162	209
162	210
162	220
162	223
162	232
162	236
163	165
163	167
163	168
163	171
163	173
163	181
163	182
163	188
163	192
163	196
163	197
163	203
163	204
163	205
163	206
163	208
163	209
163	210
163	211
163	215
163	218
163	219
163	225
163	228
163	233
163	234
163	237
163	260
164	169
164	170
164	173
164	177
164	178
164	182
164	183
164	184
164	185
164	186
164	190
164	192
164	198
164	203
164	205
164	206
164	210
164	211
164	215
164	216
164	219
164	222
164	225
164	226
164	228
164	239
164	283
165	169
165	170
165	172
165	179
165	181
165	182
165	193
165	194
165	204
165	206
165	215
165	217
165	220
165	230
165	234
165	235
165	239
165	261
166	174
166	175
166	182
166	185
166	186
166	188
166	189
166	190
166	195
166	198
166	203
166	206
166	209
166	210
166	215
166	216
166	219
166	223
166	225
166	227
166	228
166	233
166	237
166	239
166	266
167	168
167	171
167	174
167	176
167	184
167	187
167	191
167	192
167	195
167	206
167	209
167	210
167	211
167	214
167	219
167	221
167	227
167	233
167	235
167	240
167	248
167	285
168	169
168	171
168	175
168	176
168	178
168	184
168	188
168	189
168	194
168	196
168	204
168	218
168	219
168	225
168	234
168	237
168	337
169	170
169	171
169	177
169	181
169	187
169	190
169	191
169	202
169	203
169	208
169	210
169	213
169	214
169	217
169	221
169	226
169	228
169	237
169	286
169	288
169	329
170	179
170	181
170	183
170	186
170	191
170	198
170	200
170	202
170	214
170	219
170	220
170	224
170	230
170	235
170	236
170	239
171	172
171	173
171	175
171	178
171	179
171	181
171	186
171	203
171	208
171	214
171	217
171	218
171	220
171	225
171	227
171	228
171	231
171	232
171	290
172	176
172	177
172	179
172	183
172	193
172	195
172	196
172	201
172	203
172	204
172	206
172	217
172	221
172	224
172	225
172	227
172	228
172	260
173	174
173	180
173	181
173	197
173	199
173	201
173	203
173	204
173	208
173	217
173	220
173	230
173	231
173	233
173	235
173	236
173	237
173	239
173	313
174	178
174	183
174	185
174	186
174	187
174	196
174	198
174	202
174	204
174	209
174	212
174	219
174	224
174	226
174	228
174	230
174	231
174	232
174	234
174	235
174	236
175	177
175	185
175	186
175	191
175	192
175	196
175	199
175	201
175	203
175	209
175	213
175	223
175	225
175	228
175	232
175	236
175	243
175	327
175	332
176	179
176	180
176	183
176	184
176	186
176	187
176	189
176	195
176	196
176	198
176	205
176	206
176	210
176	212
176	213
176	214
176	221
176	222
176	224
176	225
176	226
176	229
176	230
176	232
176	234
176	236
176	239
177	178
177	179
177	181
177	187
177	188
177	191
177	199
177	200
177	204
177	214
177	218
177	223
177	224
177	225
177	235
177	236
177	239
177	260
177	356
178	187
178	190
178	195
178	197
178	205
178	213
178	216
178	217
178	220
178	221
178	223
178	224
178	225
178	226
178	227
178	237
178	239
178	353
178	476
179	188
179	190
179	208
179	218
179	223
179	225
179	227
179	228
179	229
179	239
179	542
180	181
180	184
180	186
180	189
180	195
180	197
180	200
180	203
180	204
180	209
180	215
180	216
180	220
180	221
180	226
180	231
180	232
180	237
181	182
181	193
181	204
181	207
181	208
181	210
181	215
181	219
181	221
181	222
181	225
181	226
181	227
181	231
181	235
181	237
181	239
181	599
182	184
182	193
182	195
182	199
182	200
182	203
182	205
182	206
182	215
182	218
182	220
182	221
182	223
182	225
182	227
182	236
182	239
182	278
182	349
183	186
183	187
183	190
183	200
183	202
183	203
183	204
183	212
183	217
183	221
183	223
183	225
183	228
183	230
183	234
183	235
183	237
184	185
184	187
184	189
184	197
184	204
184	205
184	219
184	222
184	229
184	230
184	231
184	233
184	234
185	197
185	202
185	204
185	206
185	207
185	211
185	212
185	214
185	217
185	221
185	224
186	187
186	188
186	193
186	194
186	206
186	208
186	217
186	224
186	285
186	352
187	189
187	192
187	196
187	199
187	209
187	214
187	215
187	222
187	224
187	235
187	238
187	295
187	321
188	189
188	191
188	193
188	199
188	204
188	212
188	216
188	221
188	222
188	225
188	227
188	239
188	292
188	322
189	190
189	193
189	201
189	206
189	210
189	213
189	222
189	223
189	226
189	232
189	233
189	234
189	239
189	321
189	330
189	350
190	195
190	199
190	200
190	202
190	204
190	205
190	210
190	211
190	213
190	221
190	224
190	233
190	235
190	238
190	239
190	341
190	352
191	193
191	194
191	195
191	196
191	198
191	200
191	210
191	212
191	215
191	220
191	228
191	230
191	236
191	239
191	241
191	325
192	200
192	201
192	202
192	206
192	211
192	217
192	224
192	226
192	238
192	269
193	199
193	202
193	207
193	210
193	215
193	216
193	217
193	226
193	231
193	234
193	239
193	265
193	335
193	341
193	572
194	195
194	209
194	212
194	214
194	216
194	221
194	225
194	226
194	227
194	231
194	344
195	196
195	201
195	202
195	203
195	212
195	213
195	222
195	226
195	227
195	230
195	231
195	233
195	237
196	198
196	207
196	210
196	211
196	213
196	215
196	217
196	218
196	223
196	226
196	227
196	229
196	237
196	238
197	201
197	202
197	205
197	207
197	212
197	217
197	220
197	229
197	230
197	231
197	232
197	237
197	251
197	334
198	202
198	207
198	215
198	217
198	220
198	221
198	227
198	230
198	237
198	239
199	201
199	204
199	207
199	208
199	210
199	216
199	219
199	224
199	225
199	226
199	231
199	232
199	295
199	304
200	201
200	204
200	208
200	209
200	213
200	216
200	217
200	218
200	219
200	220
200	221
200	222
200	227
200	281
200	315
201	202
201	205
201	206
201	211
201	216
201	219
201	221
201	225
201	226
201	227
201	229
201	231
201	239
201	298
201	342
202	206
202	208
202	209
202	210
202	215
202	216
202	219
202	225
202	226
202	229
202	230
202	233
202	237
203	208
203	209
203	214
203	215
203	217
203	219
203	221
203	222
203	226
203	229
203	231
203	233
203	236
203	238
203	239
203	340
204	206
204	208
204	210
204	213
204	216
204	217
204	230
204	231
204	233
204	236
204	238
204	327
204	344
205	211
205	215
205	216
205	220
205	222
205	225
205	233
205	235
205	242
205	245
205	320
206	209
206	210
206	215
206	220
206	237
206	250
206	313
206	316
207	210
207	212
207	216
207	223
207	231
207	235
208	213
208	225
208	228
208	231
208	238
208	239
208	266
209	211
209	214
209	215
209	223
209	224
209	232
209	234
209	235
209	236
209	238
210	214
210	215
210	220
210	223
210	224
210	225
210	227
210	229
211	215
211	216
211	218
211	219
211	223
211	228
211	232
211	239
212	216
212	220
212	221
212	223
212	224
212	225
212	234
212	238
212	313
212	339
212	435
213	217
213	218
213	222
213	223
213	224
213	225
213	229
213	230
213	231
213	232
213	233
213	289
213	303
213	438
214	216
214	224
214	230
214	233
214	236
214	255
215	219
215	221
215	225
215	237
215	238
215	357
216	220
216	226
216	227
216	229
216	231
216	234
216	235
216	238
217	223
217	225
217	227
217	229
217	235
217	237
218	226
218	229
218	231
218	233
218	235
218	236
218	274
218	297
218	324
218	357
219	222
219	231
219	235
219	239
220	225
220	226
220	227
220	228
220	230
220	289
221	223
221	224
221	226
221	229
221	234
221	307
222	224
222	230
222	235
222	239
222	343
223	230
223	235
223	236
223	238
223	258
223	312
224	234
224	235
224	291
224	322
225	228
225	234
225	236
225	238
225	243
225	333
225	358
226	227
226	232
226	238
226	299
226	325
226	326
226	338
226	362
227	236
228	234
228	238
228	256
229	230
229	232
229	239
230	232
230	234
230	237
230	238
230	239
231	235
231	239
231	246
231	289
231	352
232	236
232	237
232	238
232	266
233	236
233	238
233	239
233	301
233	349
234	239
234	246
234	265
234	303
234	334
234	344
235	265
235	352
236	239
236	281
238	315
238	556
239	295
240	243
240	244
240	246
240	247
240	254
240	256
240	257
240	261
240	271
240	272
240	280
240	281
240	282
240	295
240	296
240	299
240	301
240	312
240	313
240	318
240	321
240	323
240	328
240	329
240	330
240	332
240	333
240	337
240	341
240	348
240	354
240	357
240	359
240	569
241	244
241	248
241	255
241	258
241	259
241	260
241	266
241	274
241	275
241	277
241	278
241	280
241	281
241	285
241	292
241	295
241	303
241	304
241	310
241	315
241	316
241	320
241	326
241	327
241	329
241	331
241	335
241	339
241	343
241	350
241	352
241	358
241	379
241	485
242	246
242	250
242	251
242	255
242	258
242	266
242	275
242	277
242	282
242	283
242	284
242	285
242	288
242	294
242	297
242	299
242	303
242	314
242	322
242	328
242	329
242	338
242	340
242	346
242	347
242	348
242	351
242	352
242	353
242	355
242	358
242	359
242	427
242	542
243	248
243	250
243	251
243	263
243	268
243	271
243	272
243	274
243	275
243	276
243	277
243	278
243	284
243	286
243	287
243	288
243	291
243	292
243	294
243	310
243	314
243	320
243	325
243	327
243	332
243	337
243	341
243	354
243	355
243	424
243	496
243	525
243	549
243	598
244	264
244	272
244	277
244	281
244	284
244	285
244	292
244	293
244	296
244	298
244	306
244	307
244	309
244	310
244	311
244	314
244	315
244	321
244	323
244	326
244	328
244	329
244	333
244	334
244	338
244	340
244	341
244	343
244	349
244	352
244	355
244	356
244	421
245	246
245	250
245	252
245	254
245	257
245	258
245	261
245	262
245	264
245	270
245	271
245	276
245	277
245	278
245	279
245	286
245	288
245	293
245	294
245	295
245	296
245	300
245	303
245	304
245	305
245	307
245	311
245	316
245	319
245	321
245	327
245	333
245	334
245	336
245	337
245	338
245	339
245	346
245	349
245	351
245	353
245	386
245	392
245	408
245	428
245	532
246	247
246	249
246	251
246	256
246	258
246	261
246	266
246	267
246	268
246	273
246	274
246	284
246	286
246	288
246	289
246	290
246	295
246	299
246	302
246	303
246	306
246	307
246	309
246	314
246	315
246	316
246	318
246	320
246	321
246	330
246	340
246	342
246	348
246	349
246	353
246	354
246	355
246	356
246	357
246	358
246	362
246	504
247	248
247	251
247	256
247	261
247	265
247	266
247	271
247	277
247	280
247	288
247	290
247	291
247	293
247	294
247	297
247	303
247	307
247	314
247	317
247	321
247	324
247	337
247	340
247	342
247	343
247	349
247	491
247	569
248	250
248	260
248	265
248	267
248	268
248	270
248	272
248	273
248	274
248	276
248	282
248	283
248	284
248	285
248	286
248	290
248	294
248	300
248	304
248	305
248	322
248	327
248	328
248	333
248	338
248	343
248	347
248	354
248	358
248	363
248	385
249	250
249	251
249	255
249	258
249	261
249	265
249	272
249	277
249	278
249	284
249	287
249	288
249	292
249	295
249	297
249	301
249	307
249	313
249	314
249	319
249	320
249	322
249	323
249	329
249	331
249	338
249	345
249	347
249	353
249	356
249	452
250	251
250	255
250	257
250	264
250	271
250	277
250	279
250	280
250	284
250	285
250	286
250	289
250	290
250	291
250	294
250	295
250	299
250	304
250	307
250	308
250	310
250	311
250	312
250	314
250	317
250	318
250	325
250	328
250	334
250	338
250	342
250	347
250	348
250	351
250	352
250	358
250	502
250	542
250	566
251	252
251	266
251	269
251	271
251	276
251	277
251	284
251	288
251	292
251	293
251	294
251	296
251	297
251	300
251	312
251	313
251	314
251	321
251	322
251	324
251	329
251	331
251	335
251	336
251	337
251	346
251	347
251	353
251	356
251	357
251	462
251	520
251	542
252	253
252	255
252	258
252	263
252	268
252	270
252	274
252	275
252	278
252	285
252	287
252	290
252	291
252	292
252	300
252	303
252	304
252	309
252	313
252	314
252	320
252	324
252	325
252	326
252	329
252	333
252	334
252	335
252	337
252	351
252	353
252	356
252	476
253	255
253	256
253	264
253	265
253	266
253	268
253	272
253	278
253	280
253	285
253	288
253	290
253	301
253	305
253	306
253	307
253	309
253	321
253	323
253	329
253	331
253	335
253	338
253	340
253	341
253	342
253	347
253	352
253	355
253	359
253	373
253	461
253	565
253	591
254	258
254	260
254	262
254	264
254	268
254	271
254	275
254	277
254	278
254	280
254	282
254	285
254	287
254	288
254	293
254	294
254	297
254	300
254	302
254	304
254	306
254	309
254	315
254	317
254	325
254	326
254	330
254	335
254	336
254	345
254	346
254	352
254	353
254	373
254	433
254	440
254	506
254	557
255	257
255	262
255	263
255	267
255	287
255	291
255	294
255	306
255	309
255	314
255	315
255	319
255	322
255	326
255	328
255	329
255	332
255	336
255	342
255	349
255	353
255	355
255	372
255	437
255	516
255	586
256	257
256	264
256	266
256	270
256	275
256	276
256	279
256	280
256	281
256	282
256	283
256	291
256	293
256	294
256	297
256	301
256	302
256	308
256	313
256	314
256	324
256	341
256	430
256	511
256	557
257	258
257	263
257	264
257	265
257	271
257	275
257	282
257	284
257	289
257	297
257	300
257	301
257	302
257	304
257	305
257	310
257	312
257	318
257	324
257	326
257	330
257	335
257	338
257	341
257	343
257	346
257	347
257	356
257	359
257	374
257	505
258	259
258	267
258	268
258	269
258	274
258	275
258	277
258	278
258	281
258	282
258	291
258	294
258	295
258	296
258	301
258	302
258	320
258	329
258	330
258	331
258	338
258	343
258	346
258	351
258	483
259	263
259	265
259	266
259	271
259	273
259	291
259	292
259	293
259	295
259	298
259	304
259	305
259	306
259	311
259	313
259	314
259	315
259	319
259	323
259	326
259	327
259	331
259	337
259	338
259	339
259	340
259	344
259	355
259	356
259	357
259	439
259	599
260	264
260	269
260	275
260	277
260	278
260	292
260	296
260	298
260	303
260	306
260	310
260	314
260	316
260	323
260	334
260	338
260	340
260	345
260	348
260	353
260	355
260	357
260	524
261	268
261	269
261	270
261	273
261	274
261	275
261	279
261	283
261	289
261	292
261	301
261	309
261	311
261	321
261	325
261	328
261	334
261	349
261	350
261	351
261	352
261	353
261	358
261	369
261	387
261	458
261	463
261	588
261	591
262	264
262	266
262	267
262	269
262	270
262	274
262	282
262	286
262	292
262	297
262	299
262	304
262	305
262	308
262	309
262	310
262	316
262	318
262	322
262	324
262	328
262	330
262	334
262	336
262	342
262	343
262	354
262	355
262	561
263	265
263	270
263	271
263	272
263	276
263	287
263	289
263	298
263	303
263	307
263	308
263	318
263	320
263	322
263	323
263	328
263	333
263	335
263	340
263	341
263	344
263	351
263	352
263	353
263	356
263	358
263	501
263	536
263	547
263	598
264	275
264	277
264	284
264	286
264	290
264	291
264	292
264	297
264	306
264	308
264	309
264	312
264	313
264	316
264	318
264	322
264	326
264	329
264	331
264	334
264	338
264	342
264	343
264	344
264	346
264	347
264	356
264	365
264	436
265	267
265	270
265	272
265	275
265	276
265	280
265	281
265	283
265	284
265	286
265	292
265	297
265	305
265	306
265	307
265	310
265	311
265	312
265	318
265	324
265	332
265	333
265	334
265	337
265	341
265	343
265	354
265	359
265	371
265	411
265	465
265	487
265	578
265	593
266	271
266	274
266	276
266	278
266	283
266	284
266	285
266	287
266	288
266	299
266	302
266	306
266	307
266	309
266	311
266	312
266	314
266	324
266	325
266	326
266	337
266	342
266	346
266	350
266	355
266	356
266	357
266	395
266	429
266	442
266	452
266	555
266	588
267	273
267	279
267	281
267	284
267	286
267	293
267	300
267	303
267	319
267	320
267	321
267	324
267	326
267	331
267	339
267	346
267	349
267	352
267	359
267	418
267	584
268	280
268	281
268	282
268	289
268	290
268	295
268	303
268	307
268	314
268	315
268	318
268	324
268	325
268	326
268	334
268	336
268	339
268	342
268	344
268	345
268	346
268	347
268	350
268	355
268	359
268	436
268	505
268	559
269	270
269	276
269	278
269	283
269	284
269	291
269	293
269	295
269	300
269	303
269	305
269	314
269	317
269	321
269	327
269	329
269	330
269	340
269	341
269	349
269	354
269	356
269	357
269	466
269	506
270	271
270	272
270	276
270	278
270	281
270	282
270	283
270	292
270	293
270	296
270	299
270	307
270	308
270	310
270	313
270	314
270	316
270	317
270	318
270	324
270	329
270	330
270	333
270	334
270	336
270	343
270	344
270	346
270	348
270	351
270	354
270	413
270	559
271	274
271	275
271	280
271	288
271	292
271	293
271	298
271	306
271	307
271	309
271	314
271	316
271	320
271	331
271	340
271	341
271	342
271	345
271	350
271	353
271	355
271	356
271	358
271	496
271	516
271	565
272	278
272	279
272	282
272	283
272	291
272	295
272	299
272	300
272	302
272	306
272	308
272	312
272	313
272	317
272	322
272	327
272	332
272	340
272	342
272	351
272	353
273	277
273	279
273	282
273	286
273	288
273	294
273	295
273	301
273	305
273	306
273	311
273	313
273	315
273	322
273	324
273	325
273	327
273	330
273	331
273	334
273	335
273	339
273	340
273	345
273	347
273	351
273	352
273	354
273	355
273	441
273	525
273	564
274	277
274	281
274	288
274	290
274	293
274	306
274	312
274	315
274	316
274	317
274	321
274	324
274	326
274	328
274	331
274	332
274	334
274	335
274	339
274	341
274	343
274	347
274	348
274	353
274	354
274	359
274	373
274	475
274	528
274	540
274	563
274	586
275	277
275	280
275	284
275	298
275	300
275	301
275	303
275	306
275	308
275	310
275	311
275	317
275	320
275	321
275	323
275	326
275	328
275	329
275	334
275	338
275	343
275	345
275	348
275	350
275	351
275	353
275	356
275	357
275	447
276	284
276	285
276	286
276	288
276	289
276	291
276	293
276	294
276	295
276	296
276	310
276	314
276	316
276	327
276	344
276	345
276	348
276	352
276	355
276	356
276	358
276	535
276	561
276	567
277	282
277	283
277	285
277	286
277	288
277	290
277	294
277	298
277	301
277	305
277	310
277	311
277	312
277	315
277	316
277	318
277	319
277	320
277	325
277	326
277	328
277	329
277	330
277	331
277	335
277	336
277	337
277	339
277	341
277	345
277	346
277	347
277	356
277	359
278	281
278	288
278	291
278	292
278	297
278	300
278	307
278	308
278	310
278	315
278	317
278	326
278	330
278	336
278	338
278	341
278	346
278	351
278	358
278	377
278	381
278	388
278	404
278	507
278	515
278	570
279	283
279	285
279	296
279	298
279	300
279	303
279	308
279	312
279	314
279	317
279	321
279	329
279	330
279	331
279	334
279	340
279	344
279	352
279	355
279	375
279	425
279	449
279	526
280	284
280	286
280	291
280	293
280	302
280	312
280	324
280	325
280	326
280	327
280	336
280	347
280	352
280	353
280	357
280	358
280	359
280	391
280	404
280	443
280	463
281	292
281	298
281	299
281	303
281	304
281	307
281	310
281	314
281	318
281	320
281	322
281	328
281	332
281	335
281	341
281	342
281	344
281	346
281	352
281	356
281	357
281	403
281	516
282	285
282	289
282	292
282	294
282	299
282	300
282	304
282	305
282	310
282	313
282	319
282	325
282	327
282	329
282	334
282	335
282	341
282	342
282	343
282	344
282	346
282	350
282	352
282	354
282	380
282	383
282	388
282	482
283	284
283	292
283	300
283	302
283	306
283	313
283	320
283	322
283	326
283	328
283	329
283	332
283	339
283	340
283	341
283	344
283	349
283	350
283	354
283	355
283	378
283	380
283	421
283	478
284	290
284	291
284	296
284	297
284	299
284	306
284	308
284	309
284	312
284	318
284	326
284	328
284	339
284	340
284	341
284	347
284	351
284	352
284	358
284	449
284	520
285	294
285	298
285	302
285	315
285	323
285	324
285	325
285	328
285	330
285	336
285	337
285	342
285	344
285	349
285	351
285	354
285	358
285	435
286	287
286	293
286	298
286	299
286	301
286	303
286	315
286	316
286	317
286	318
286	323
286	331
286	333
286	334
286	336
286	343
286	344
286	346
286	347
286	352
286	353
286	355
286	445
287	291
287	294
287	298
287	299
287	300
287	302
287	307
287	311
287	312
287	313
287	321
287	325
287	326
287	332
287	335
287	338
287	339
287	342
287	344
287	348
287	349
287	350
287	354
287	417
287	500
288	291
288	292
288	301
288	305
288	307
288	313
288	314
288	315
288	319
288	320
288	325
288	329
288	331
288	334
288	337
288	338
288	342
288	343
288	345
288	352
288	353
288	355
288	422
288	494
288	513
288	519
288	596
289	296
289	299
289	300
289	301
289	305
289	309
289	313
289	320
289	321
289	324
289	327
289	332
289	342
289	345
289	349
289	354
289	376
290	292
290	299
290	304
290	309
290	315
290	321
290	323
290	328
290	331
290	336
290	338
290	340
290	348
290	357
290	464
290	574
291	296
291	301
291	302
291	303
291	304
291	307
291	310
291	316
291	321
291	322
291	323
291	324
291	330
291	331
291	339
291	340
291	341
291	343
291	353
291	356
291	357
291	358
291	534
292	297
292	298
292	302
292	305
292	307
292	311
292	313
292	314
292	315
292	319
292	322
292	325
292	328
292	331
292	338
292	341
292	342
292	344
292	345
292	350
292	355
292	475
292	520
292	597
293	297
293	298
293	306
293	307
293	314
293	315
293	320
293	323
293	326
293	327
293	330
293	332
293	336
293	340
293	348
293	357
293	440
293	593
294	295
294	299
294	301
294	303
294	304
294	309
294	312
294	318
294	321
294	323
294	334
294	335
294	339
294	341
294	344
294	345
294	348
294	351
294	352
294	354
294	424
295	297
295	298
295	299
295	301
295	302
295	312
295	314
295	326
295	327
295	328
295	330
295	336
295	339
295	341
295	349
295	357
295	469
296	297
296	301
296	305
296	307
296	313
296	314
296	315
296	316
296	320
296	322
296	323
296	327
296	328
296	333
296	334
296	337
296	341
296	345
296	346
296	359
296	424
296	468
296	489
296	491
296	579
297	298
297	299
297	301
297	305
297	314
297	315
297	330
297	336
297	341
297	350
297	353
297	358
297	359
297	408
297	450
297	514
297	569
297	594
298	299
298	300
298	302
298	307
298	311
298	317
298	318
298	325
298	326
298	342
298	343
298	344
298	346
298	353
298	358
298	359
298	367
298	375
298	544
298	579
298	586
299	300
299	308
299	311
299	313
299	316
299	321
299	324
299	329
299	331
299	333
299	337
299	338
299	345
299	353
299	425
300	306
300	308
300	312
300	321
300	330
300	333
300	334
300	337
300	341
300	342
300	352
300	358
300	371
300	545
301	305
301	309
301	315
301	317
301	324
301	325
301	327
301	328
301	330
301	339
301	340
301	341
301	343
301	351
301	356
301	550
302	305
302	307
302	308
302	313
302	320
302	324
302	325
302	335
302	337
302	339
302	341
302	343
302	345
302	346
302	350
302	351
302	354
302	368
302	429
302	568
303	308
303	309
303	311
303	313
303	314
303	319
303	320
303	323
303	325
303	329
303	331
303	338
303	351
303	356
303	359
303	470
303	513
304	309
304	310
304	316
304	317
304	320
304	321
304	323
304	326
304	330
304	332
304	337
304	341
304	342
304	343
304	346
304	348
304	349
304	354
304	355
304	357
304	543
305	311
305	313
305	314
305	315
305	319
305	322
305	329
305	340
305	342
305	345
305	347
305	351
305	358
305	361
305	400
306	311
306	312
306	313
306	314
306	322
306	323
306	325
306	326
306	335
306	336
306	338
306	339
306	345
306	348
306	349
306	358
306	359
306	402
306	435
306	449
306	502
306	546
307	310
307	317
307	318
307	329
307	330
307	333
307	336
307	337
307	340
307	350
307	354
307	357
307	358
307	359
307	426
307	451
307	543
308	316
308	320
308	323
308	325
308	327
308	330
308	337
308	339
308	343
308	346
308	348
308	353
308	354
308	355
308	356
308	465
308	486
309	311
309	314
309	319
309	320
309	321
309	322
309	326
309	327
309	328
309	330
309	331
309	332
309	333
309	334
309	335
309	337
309	339
309	342
309	344
309	345
309	347
309	350
309	351
309	355
309	358
309	368
309	432
310	311
310	317
310	318
310	319
310	321
310	328
310	332
310	333
310	334
310	338
310	345
310	347
310	356
310	357
310	358
310	560
310	581
311	315
311	316
311	317
311	321
311	322
311	325
311	326
311	328
311	329
311	333
311	335
311	339
311	343
311	346
311	350
311	351
311	477
311	585
312	313
312	320
312	323
312	328
312	334
312	337
312	343
312	344
312	345
312	347
312	350
312	351
312	352
312	354
312	356
312	358
313	315
313	316
313	317
313	324
313	327
313	329
313	332
313	340
313	354
313	358
313	464
313	501
314	316
314	320
314	328
314	329
314	330
314	335
314	342
314	345
314	357
314	433
315	325
315	328
315	329
315	330
315	334
315	338
315	344
315	348
315	350
315	392
315	405
315	430
316	317
316	318
316	333
316	334
316	340
316	345
316	348
316	349
316	350
316	352
316	354
316	355
316	357
316	359
316	360
316	442
316	456
316	500
316	534
317	318
317	320
317	325
317	333
317	338
317	342
317	347
317	349
317	359
317	489
317	538
317	570
317	578
318	325
318	328
318	333
318	335
318	336
318	342
318	347
318	350
318	351
318	354
318	357
318	588
319	325
319	328
319	332
319	338
319	342
319	345
319	356
319	357
319	358
319	360
319	599
320	321
320	343
320	345
320	348
320	349
320	351
320	352
320	354
320	358
320	537
321	323
321	325
321	328
321	331
321	336
321	338
321	341
321	357
321	359
322	325
322	327
322	328
322	332
322	336
322	340
322	342
322	349
322	350
322	351
322	354
322	356
322	359
322	360
322	436
322	554
322	560
322	581
323	324
323	326
323	327
323	330
323	332
323	336
323	337
323	339
323	341
323	346
323	348
323	503
323	508
323	577
324	326
324	330
324	333
324	334
324	336
324	344
324	347
324	348
324	350
324	351
324	352
324	353
324	357
324	358
324	359
324	426
324	512
324	533
325	333
325	340
325	341
325	354
325	355
325	359
325	363
325	379
325	537
325	583
326	329
326	330
326	332
326	345
326	347
326	348
326	349
326	352
326	354
326	357
326	359
326	366
326	396
326	542
327	334
327	335
327	341
327	346
327	356
327	359
327	490
327	574
328	333
328	338
328	349
328	356
328	376
328	388
328	400
328	458
328	518
328	562
329	336
329	340
329	342
329	343
329	345
329	347
329	353
329	356
329	405
329	561
330	337
330	341
330	344
330	347
330	351
330	354
330	356
330	388
330	449
331	332
331	336
331	337
331	339
331	347
331	503
331	594
332	335
332	336
332	338
332	340
332	341
332	342
332	346
332	347
332	352
332	354
332	409
332	472
332	514
333	334
333	335
333	343
333	344
333	351
333	353
333	359
333	380
333	497
333	539
334	335
334	344
334	346
334	349
334	352
334	355
334	356
334	357
334	362
334	403
334	404
334	433
334	467
334	530
334	564
335	337
335	340
335	342
335	351
335	356
335	452
335	498
335	502
335	542
335	556
336	339
336	340
336	341
336	348
336	349
336	353
336	354
336	494
337	349
337	350
337	410
337	463
337	470
338	340
338	342
338	347
338	354
338	379
338	385
338	528
339	340
339	341
339	348
339	351
339	354
339	355
339	359
339	547
340	341
340	344
340	347
340	350
340	357
340	359
340	370
340	437
340	472
340	551
340	567
341	342
341	343
341	348
341	349
341	350
341	351
341	354
341	358
341	436
341	566
342	345
342	351
342	354
342	355
342	357
342	537
342	567
343	347
343	351
343	357
344	345
344	348
344	352
344	353
344	354
344	355
344	356
344	432
344	465
344	559
345	346
345	348
345	355
345	359
345	414
345	432
345	444
345	510
346	347
346	348
346	349
346	354
346	357
346	358
346	359
347	349
347	352
347	354
347	355
347	565
348	349
348	350
348	352
348	357
348	408
348	566
348	568
349	350
349	351
349	352
349	354
349	355
349	356
349	382
349	392
349	464
350	356
350	358
350	359
350	403
350	405
350	412
350	507
350	526
350	572
351	406
351	556
352	355
352	417
352	489
353	359
353	437
353	551
355	359
356	357
356	369
356	514
357	391
357	510
358	429
358	507
359	514
360	361
360	366
360	368
360	369
360	379
360	381
360	398
360	402
360	407
360	410
360	415
360	419
360	426
360	437
360	440
360	443
360	445
360	446
360	447
360	453
360	459
360	464
360	467
360	468
360	475
360	477
360	479
360	485
360	486
360	503
360	505
360	520
360	523
360	526
360	536
360	541
360	547
360	561
360	563
360	573
360	577
360	591
361	368
361	369
361	370
361	374
361	375
361	376
361	382
361	387
361	392
361	393
361	396
361	398
361	403
361	409
361	414
361	425
361	428
361	430
361	436
361	442
361	449
361	453
361	455
361	456
361	459
361	462
361	463
361	470
361	472
361	485
361	533
361	538
361	542
361	558
362	367
362	371
362	372
362	377
362	386
362	387
362	389
362	392
362	398
362	399
362	401
362	406
362	415
362	419
362	431
362	436
362	437
362	441
362	442
362	443
362	445
362	446
362	448
362	464
362	465
362	466
362	468
362	469
362	470
362	472
362	474
362	475
362	476
362	479
362	514
362	529
362	531
362	564
362	569
362	588
363	366
363	367
363	370
363	375
363	378
363	379
363	386
363	387
363	392
363	393
363	394
363	396
363	398
363	403
363	406
363	407
363	412
363	415
363	417
363	421
363	432
363	445
363	447
363	449
363	453
363	456
363	457
363	464
363	469
363	470
363	471
363	474
363	485
363	494
363	507
363	508
363	513
363	530
363	549
363	551
364	366
364	371
364	376
364	381
364	392
364	399
364	401
364	408
364	411
364	412
364	417
364	418
364	419
364	421
364	423
364	425
364	429
364	431
364	432
364	436
364	440
364	444
364	448
364	449
364	452
364	454
364	457
364	458
364	465
364	469
364	475
364	477
364	489
364	532
364	533
364	540
364	545
364	576
364	586
364	588
365	366
365	368
365	369
365	372
365	377
365	378
365	382
365	387
365	388
365	393
365	399
365	404
365	411
365	416
365	420
365	423
365	425
365	427
365	428
365	430
365	431
365	435
365	437
365	442
365	443
365	444
365	450
365	458
365	459
365	463
365	465
365	466
365	468
365	486
365	487
365	500
365	501
365	534
365	540
365	546
365	553
365	560
365	571
365	575
365	576
365	581
365	595
366	367
366	369
366	378
366	385
366	389
366	395
366	404
366	409
366	415
366	417
366	427
366	433
366	439
366	443
366	444
366	445
366	450
366	451
366	452
366	456
366	457
366	462
366	463
366	474
366	516
366	519
366	537
366	539
366	552
366	571
366	585
366	586
366	595
366	599
367	369
367	374
367	384
367	386
367	392
367	394
367	397
367	406
367	407
367	409
367	410
367	418
367	430
367	438
367	439
367	450
367	451
367	452
367	458
367	460
367	462
367	463
367	464
367	465
367	468
367	470
367	476
367	490
367	500
367	519
367	520
367	525
367	528
367	539
367	544
367	545
367	550
367	552
367	565
367	567
367	574
367	589
368	371
368	375
368	379
368	380
368	385
368	390
368	392
368	393
368	396
368	398
368	399
368	401
368	410
368	417
368	421
368	428
368	429
368	436
368	443
368	459
368	468
368	475
368	476
368	477
368	483
368	485
368	486
368	505
368	509
368	524
368	526
368	535
368	539
368	544
368	545
368	574
368	594
368	598
369	370
369	371
369	372
369	373
369	375
369	377
369	379
369	383
369	393
369	403
369	404
369	405
369	408
369	409
369	412
369	417
369	426
369	431
369	433
369	434
369	439
369	448
369	450
369	454
369	455
369	458
369	462
369	464
369	466
369	467
369	469
369	477
369	484
369	488
369	517
369	535
369	539
369	544
369	558
369	574
369	579
369	584
369	590
370	383
370	387
370	391
370	398
370	407
370	408
370	410
370	420
370	432
370	436
370	439
370	444
370	450
370	455
370	458
370	462
370	469
370	471
370	474
370	475
370	477
370	479
370	482
370	500
370	507
370	510
370	526
370	540
370	563
370	593
370	594
371	374
371	381
371	386
371	389
371	396
371	402
371	407
371	409
371	415
371	418
371	419
371	420
371	422
371	429
371	432
371	433
371	445
371	447
371	451
371	452
371	456
371	457
371	462
371	464
371	469
371	471
371	472
371	477
371	510
371	520
371	529
371	536
371	544
371	550
371	554
372	374
372	382
372	383
372	384
372	393
372	401
372	402
372	411
372	412
372	415
372	422
372	426
372	431
372	434
372	437
372	451
372	452
372	456
372	458
372	461
372	462
372	464
372	465
372	467
372	468
372	469
372	470
372	471
372	472
372	478
372	492
372	494
372	497
372	511
372	513
372	529
372	530
372	542
372	588
372	596
373	376
373	378
373	379
373	384
373	388
373	389
373	393
373	394
373	396
373	404
373	405
373	409
373	415
373	417
373	421
373	422
373	433
373	435
373	442
373	445
373	448
373	453
373	454
373	458
373	459
373	460
373	461
373	464
373	465
373	469
373	470
373	471
373	473
373	479
373	485
373	495
373	499
373	500
373	519
373	524
373	538
373	544
373	570
373	582
373	584
373	598
374	375
374	376
374	377
374	378
374	379
374	381
374	384
374	385
374	387
374	388
374	389
374	394
374	395
374	396
374	397
374	398
374	400
374	403
374	408
374	418
374	423
374	424
374	426
374	429
374	430
374	435
374	438
374	449
374	451
374	459
374	460
374	463
374	468
374	469
374	477
374	480
374	482
374	496
374	502
374	511
374	528
374	531
374	545
374	566
374	567
374	570
374	586
374	593
375	386
375	390
375	395
375	396
375	397
375	398
375	406
375	407
375	410
375	411
375	413
375	415
375	421
375	428
375	430
375	433
375	440
375	443
375	444
375	445
375	449
375	450
375	453
375	455
375	465
375	467
375	474
375	476
375	487
375	502
375	537
375	544
375	560
375	568
375	577
376	383
376	392
376	393
376	394
376	402
376	409
376	410
376	411
376	415
376	419
376	420
376	422
376	431
376	432
376	436
376	438
376	444
376	448
376	452
376	455
376	459
376	466
376	470
376	471
376	472
376	477
376	479
376	493
376	503
376	523
376	531
376	540
376	542
376	547
376	571
376	586
377	379
377	383
377	394
377	416
377	418
377	419
377	420
377	425
377	428
377	433
377	436
377	438
377	439
377	443
377	446
377	449
377	455
377	456
377	462
377	463
377	476
377	522
377	550
377	583
377	599
378	379
378	384
378	385
378	386
378	389
378	390
378	391
378	393
378	394
378	396
378	398
378	402
378	406
378	408
378	416
378	419
378	422
378	425
378	426
378	431
378	434
378	443
378	444
378	448
378	454
378	456
378	457
378	470
378	475
378	477
378	481
378	495
378	506
378	516
378	536
378	540
378	546
378	550
378	566
378	570
378	591
378	594
379	395
379	400
379	402
379	405
379	406
379	414
379	416
379	418
379	426
379	433
379	439
379	440
379	441
379	443
379	446
379	447
379	449
379	451
379	453
379	456
379	458
379	460
379	463
379	465
379	466
379	472
379	473
379	479
379	490
379	500
379	503
379	513
379	517
379	537
379	540
379	564
379	565
379	573
380	382
380	388
380	392
380	395
380	399
380	400
380	410
380	412
380	413
380	418
380	424
380	429
380	435
380	438
380	439
380	440
380	442
380	443
380	444
380	453
380	454
380	456
380	458
380	461
380	465
380	467
380	468
380	473
380	475
380	478
380	479
380	503
380	516
380	525
380	526
380	555
380	558
380	566
380	578
380	579
380	585
380	597
381	382
381	384
381	386
381	388
381	397
381	404
381	409
381	410
381	415
381	417
381	418
381	424
381	426
381	431
381	436
381	437
381	444
381	446
381	447
381	454
381	462
381	463
381	465
381	467
381	470
381	471
381	473
381	476
381	477
381	479
381	482
381	489
381	496
381	510
381	512
381	524
381	551
381	563
381	587
381	599
382	386
382	388
382	391
382	393
382	394
382	397
382	398
382	401
382	403
382	413
382	414
382	415
382	416
382	419
382	424
382	426
382	427
382	428
382	432
382	433
382	434
382	437
382	438
382	439
382	445
382	446
382	451
382	452
382	456
382	459
382	461
382	496
382	502
382	504
382	515
382	554
382	556
382	569
383	386
383	387
383	389
383	391
383	397
383	398
383	404
383	407
383	410
383	412
383	413
383	414
383	429
383	430
383	435
383	441
383	445
383	450
383	451
383	455
383	457
383	460
383	475
383	478
383	479
383	488
383	518
383	538
383	539
383	545
383	568
383	598
384	389
384	390
384	395
384	396
384	397
384	398
384	399
384	401
384	403
384	407
384	409
384	410
384	415
384	417
384	419
384	421
384	422
384	423
384	432
384	433
384	443
384	458
384	468
384	477
384	492
384	523
384	546
384	598
385	388
385	391
385	394
385	397
385	398
385	401
385	405
385	407
385	414
385	415
385	418
385	420
385	421
385	423
385	424
385	428
385	430
385	432
385	433
385	436
385	443
385	444
385	447
385	449
385	451
385	453
385	455
385	467
385	469
385	476
385	479
385	505
385	512
385	514
385	526
385	530
385	544
385	565
385	581
385	585
385	589
385	595
386	399
386	400
386	406
386	411
386	412
386	414
386	419
386	422
386	426
386	438
386	445
386	457
386	458
386	461
386	462
386	463
386	467
386	472
386	473
386	506
386	509
386	526
386	546
386	554
386	568
386	579
386	592
387	388
387	394
387	395
387	400
387	403
387	415
387	418
387	422
387	426
387	436
387	438
387	439
387	448
387	449
387	452
387	453
387	454
387	457
387	458
387	464
387	465
387	472
387	476
387	478
387	479
387	482
387	532
387	554
387	581
387	582
387	588
388	390
388	392
388	395
388	397
388	401
388	405
388	409
388	410
388	415
388	416
388	424
388	425
388	427
388	428
388	429
388	431
388	432
388	450
388	462
388	464
388	465
388	471
388	480
388	491
388	496
388	499
388	501
388	535
388	550
388	551
388	552
388	558
388	569
388	571
388	581
388	591
388	597
389	390
389	398
389	399
389	400
389	402
389	405
389	407
389	408
389	409
389	411
389	424
389	427
389	429
389	433
389	435
389	436
389	439
389	449
389	453
389	455
389	463
389	465
389	469
389	476
389	477
389	507
389	515
389	536
389	543
389	547
389	571
389	587
389	591
389	598
390	391
390	394
390	395
390	406
390	407
390	418
390	424
390	426
390	428
390	431
390	434
390	436
390	437
390	441
390	447
390	450
390	451
390	454
390	458
390	461
390	462
390	463
390	464
390	469
390	473
390	479
390	486
390	498
390	520
390	526
390	544
390	550
390	558
390	561
390	569
390	577
390	578
391	393
391	394
391	399
391	400
391	403
391	410
391	411
391	412
391	415
391	419
391	420
391	423
391	425
391	435
391	436
391	438
391	439
391	446
391	449
391	452
391	456
391	461
391	465
391	468
391	470
391	476
391	522
391	527
391	533
391	543
391	571
391	578
391	591
392	398
392	412
392	413
392	417
392	418
392	425
392	433
392	439
392	442
392	443
392	444
392	448
392	451
392	459
392	464
392	465
392	467
392	468
392	478
392	482
392	486
392	488
392	501
392	504
392	523
392	525
392	538
392	539
392	559
392	590
393	394
393	396
393	397
393	399
393	416
393	417
393	418
393	419
393	426
393	429
393	430
393	432
393	437
393	443
393	449
393	453
393	455
393	457
393	463
393	472
393	485
393	509
393	522
393	537
393	539
393	572
394	395
394	399
394	401
394	405
394	409
394	411
394	414
394	417
394	423
394	425
394	426
394	430
394	431
394	444
394	446
394	448
394	449
394	450
394	461
394	463
394	466
394	471
394	473
394	477
394	481
394	497
394	505
394	532
394	538
394	546
394	561
394	565
394	573
394	583
394	587
395	398
395	407
395	408
395	415
395	421
395	423
395	425
395	428
395	433
395	435
395	437
395	441
395	445
395	448
395	449
395	450
395	453
395	455
395	456
395	458
395	465
395	473
395	475
395	476
395	478
395	479
395	502
395	521
395	522
395	525
395	527
395	533
395	544
395	552
395	553
395	560
395	571
395	574
395	581
395	582
395	593
395	596
396	399
396	412
396	413
396	419
396	422
396	428
396	429
396	430
396	431
396	435
396	439
396	440
396	443
396	452
396	457
396	459
396	463
396	465
396	467
396	473
396	474
396	482
396	484
396	489
396	507
396	518
396	536
396	544
396	560
396	562
396	567
396	572
396	592
396	595
397	400
397	402
397	404
397	406
397	408
397	412
397	418
397	420
397	424
397	427
397	428
397	430
397	431
397	435
397	437
397	446
397	448
397	450
397	453
397	455
397	456
397	457
397	458
397	468
397	469
397	470
397	475
397	477
397	481
397	483
397	490
397	493
397	505
397	512
397	529
397	532
397	535
397	538
397	541
397	542
397	558
397	573
397	585
397	590
397	594
398	399
398	401
398	404
398	411
398	415
398	419
398	424
398	425
398	427
398	433
398	435
398	437
398	439
398	442
398	443
398	457
398	464
398	468
398	469
398	470
398	476
398	479
398	492
398	511
398	514
398	530
398	576
398	597
399	401
399	402
399	405
399	410
399	413
399	421
399	427
399	430
399	431
399	432
399	433
399	434
399	439
399	446
399	447
399	449
399	450
399	467
399	472
399	474
399	479
399	481
399	485
399	486
399	493
399	506
399	517
399	521
399	536
399	542
399	557
399	578
399	588
400	401
400	403
400	405
400	408
400	416
400	418
400	424
400	425
400	431
400	434
400	440
400	442
400	445
400	446
400	450
400	459
400	468
400	471
400	474
400	478
400	480
400	483
400	484
400	493
400	501
400	508
400	516
400	522
400	550
400	552
400	566
400	573
400	583
400	588
401	405
401	406
401	412
401	421
401	424
401	426
401	429
401	430
401	439
401	442
401	446
401	447
401	452
401	453
401	454
401	460
401	461
401	466
401	467
401	469
401	470
401	475
401	476
401	477
401	478
401	479
401	496
401	497
401	500
401	505
401	507
401	516
401	540
401	579
401	580
401	582
401	584
401	589
401	595
402	403
402	404
402	412
402	413
402	414
402	418
402	421
402	423
402	425
402	428
402	429
402	432
402	437
402	439
402	444
402	446
402	449
402	451
402	458
402	461
402	463
402	464
402	470
402	476
402	478
402	525
402	535
402	536
402	550
402	558
402	560
402	579
402	588
403	404
403	408
403	409
403	411
403	415
403	419
403	420
403	423
403	427
403	428
403	432
403	439
403	442
403	444
403	445
403	447
403	449
403	451
403	454
403	455
403	457
403	461
403	462
403	470
403	471
403	473
403	479
403	488
403	502
403	504
403	514
403	515
403	532
403	538
403	549
403	554
403	558
403	560
403	562
403	570
403	579
403	590
404	406
404	408
404	413
404	416
404	418
404	419
404	426
404	434
404	435
404	436
404	440
404	443
404	447
404	450
404	451
404	452
404	453
404	462
404	470
404	472
404	477
404	478
404	479
404	491
404	501
404	520
404	524
404	543
404	568
404	569
404	573
404	584
405	406
405	408
405	411
405	419
405	428
405	432
405	434
405	436
405	440
405	441
405	444
405	445
405	447
405	448
405	458
405	459
405	461
405	464
405	467
405	468
405	472
405	482
405	503
405	504
405	527
405	567
405	575
405	585
405	590
406	408
406	416
406	422
406	423
406	424
406	425
406	426
406	435
406	437
406	449
406	450
406	451
406	457
406	461
406	466
406	471
406	473
406	476
406	479
406	492
406	497
406	515
406	518
406	537
406	543
406	552
406	554
406	574
406	575
406	584
406	599
407	416
407	418
407	419
407	422
407	427
407	430
407	431
407	432
407	434
407	435
407	440
407	442
407	443
407	446
407	447
407	450
407	458
407	460
407	464
407	468
407	471
407	472
407	479
407	485
407	489
407	493
407	497
407	542
407	546
407	599
408	417
408	419
408	420
408	423
408	425
408	426
408	429
408	432
408	437
408	438
408	448
408	455
408	458
408	461
408	469
408	470
408	473
408	474
408	496
408	511
408	519
408	528
408	533
408	538
408	550
408	556
408	569
408	580
408	582
408	591
409	411
409	412
409	414
409	416
409	419
409	422
409	427
409	431
409	435
409	439
409	446
409	449
409	452
409	457
409	464
409	468
409	471
409	473
409	486
409	490
409	504
409	508
409	525
409	536
409	539
409	557
409	558
409	569
409	589
409	594
409	595
410	411
410	415
410	425
410	427
410	446
410	451
410	454
410	457
410	459
410	460
410	463
410	464
410	465
410	468
410	474
410	477
410	478
410	491
410	513
410	525
410	537
410	539
410	561
410	564
410	569
410	574
410	585
410	586
410	594
411	417
411	419
411	420
411	421
411	422
411	423
411	427
411	435
411	438
411	440
411	447
411	449
411	453
411	456
411	457
411	458
411	463
411	464
411	469
411	471
411	478
411	489
411	493
411	507
411	510
411	526
411	542
411	578
411	581
412	414
412	422
412	423
412	424
412	436
412	437
412	438
412	442
412	443
412	444
412	445
412	451
412	452
412	458
412	460
412	461
412	463
412	465
412	466
412	470
412	472
412	474
412	478
412	479
412	485
412	504
412	512
412	530
412	536
412	556
413	420
413	429
413	438
413	440
413	447
413	448
413	450
413	457
413	459
413	462
413	469
413	474
413	475
413	493
413	521
413	529
413	535
413	543
413	563
413	571
413	586
414	421
414	422
414	423
414	426
414	428
414	430
414	435
414	438
414	441
414	442
414	447
414	449
414	458
414	461
414	464
414	469
414	473
414	477
414	478
414	479
414	482
414	485
414	493
414	495
414	500
414	540
414	554
414	555
414	572
415	422
415	423
415	424
415	429
415	431
415	436
415	437
415	439
415	440
415	451
415	453
415	457
415	462
415	464
415	467
415	471
415	473
415	474
415	477
415	487
415	505
415	507
415	513
415	515
415	546
415	547
415	550
415	557
415	573
415	584
415	587
415	592
416	418
416	419
416	420
416	421
416	424
416	426
416	438
416	440
416	444
416	447
416	450
416	454
416	458
416	459
416	460
416	461
416	463
416	485
416	493
416	498
416	507
416	546
416	552
416	554
416	559
416	569
416	583
416	587
416	588
417	418
417	419
417	420
417	426
417	427
417	436
417	440
417	441
417	442
417	443
417	445
417	446
417	447
417	448
417	455
417	461
417	464
417	466
417	470
417	476
417	479
417	484
417	486
417	502
417	511
417	512
417	541
417	568
417	572
417	584
417	589
417	597
418	419
418	420
418	427
418	428
418	430
418	432
418	434
418	439
418	441
418	444
418	446
418	447
418	451
418	458
418	461
418	463
418	472
418	477
418	485
418	503
418	517
418	521
418	529
418	533
418	554
418	564
418	565
418	567
418	569
418	589
418	591
419	421
419	423
419	429
419	430
419	431
419	433
419	434
419	439
419	440
419	442
419	443
419	447
419	456
419	462
419	463
419	474
419	475
419	479
419	487
419	494
419	516
419	543
419	555
419	588
419	593
420	422
420	424
420	425
420	429
420	430
420	431
420	433
420	440
420	441
420	446
420	449
420	454
420	461
420	462
420	465
420	470
420	471
420	486
420	491
420	497
420	539
420	546
420	547
420	551
420	561
420	590
420	594
420	596
421	423
421	427
421	430
421	432
421	434
421	436
421	439
421	440
421	443
421	445
421	447
421	449
421	450
421	452
421	455
421	461
421	462
421	467
421	470
421	476
421	489
421	512
421	529
421	555
421	592
422	428
422	433
422	439
422	445
422	447
422	448
422	452
422	456
422	466
422	468
422	471
422	476
422	481
422	491
422	493
422	498
422	506
422	538
422	568
422	577
422	596
423	424
423	433
423	434
423	437
423	439
423	440
423	441
423	442
423	444
423	445
423	446
423	452
423	455
423	463
423	464
423	467
423	468
423	471
423	475
423	476
423	493
423	494
423	508
423	509
423	578
423	598
424	431
424	432
424	435
424	438
424	440
424	445
424	447
424	449
424	450
424	453
424	454
424	466
424	477
424	478
424	530
424	547
424	553
424	561
424	567
424	569
424	577
424	596
425	433
425	434
425	436
425	439
425	446
425	454
425	456
425	458
425	459
425	465
425	467
425	470
425	471
425	475
425	476
425	477
425	504
425	510
425	514
425	515
425	558
425	589
426	427
426	429
426	438
426	439
426	442
426	443
426	447
426	448
426	449
426	453
426	466
426	470
426	473
426	494
426	495
426	496
426	503
426	549
426	586
427	430
427	432
427	435
427	438
427	441
427	442
427	445
427	447
427	448
427	450
427	452
427	458
427	461
427	463
427	464
427	465
427	467
427	473
427	474
427	475
427	478
427	507
427	508
427	523
427	542
427	559
427	561
427	591
428	431
428	438
428	447
428	448
428	453
428	454
428	456
428	472
428	473
428	479
428	490
428	493
428	499
428	516
428	540
428	554
428	565
428	566
428	586
428	590
429	430
429	431
429	446
429	447
429	452
429	456
429	458
429	459
429	461
429	462
429	463
429	464
429	466
429	470
429	472
429	473
429	478
429	485
429	486
429	493
429	510
429	512
429	517
429	518
429	532
429	536
429	540
429	561
429	570
430	431
430	432
430	438
430	439
430	445
430	446
430	449
430	452
430	454
430	456
430	461
430	465
430	468
430	471
430	476
430	478
430	479
430	481
430	515
430	527
430	530
430	535
430	545
430	563
430	583
430	592
431	433
431	439
431	441
431	442
431	445
431	446
431	451
431	454
431	463
431	465
431	470
431	475
431	476
431	477
431	484
431	487
431	502
431	509
431	535
431	560
431	568
431	574
431	577
431	589
431	597
432	437
432	447
432	448
432	450
432	452
432	457
432	460
432	462
432	470
432	474
432	475
432	477
432	478
432	492
432	496
432	534
432	535
432	554
432	562
432	568
432	592
432	595
433	438
433	439
433	441
433	442
433	452
433	456
433	458
433	463
433	464
433	472
433	474
433	477
433	479
433	481
433	488
433	490
433	520
433	528
433	536
433	540
433	549
433	551
433	567
434	435
434	436
434	440
434	443
434	445
434	446
434	447
434	448
434	458
434	459
434	461
434	462
434	464
434	467
434	475
434	479
434	492
434	500
434	503
434	514
434	527
434	541
434	548
434	550
434	553
434	563
434	571
434	579
434	587
434	589
434	599
435	436
435	438
435	441
435	448
435	450
435	454
435	457
435	459
435	460
435	467
435	470
435	477
435	481
435	495
435	508
435	516
435	545
435	548
435	559
435	560
435	563
435	586
436	439
436	442
436	447
436	452
436	460
436	465
436	470
436	472
436	476
436	477
436	479
436	505
436	507
436	514
436	521
436	523
436	544
436	549
436	551
436	570
436	576
436	592
437	438
437	442
437	444
437	449
437	450
437	451
437	452
437	456
437	460
437	461
437	462
437	464
437	465
437	472
437	488
437	514
437	517
437	520
437	528
437	543
437	599
438	449
438	453
438	455
438	456
438	458
438	459
438	460
438	463
438	466
438	467
438	468
438	469
438	470
438	474
438	478
438	506
438	513
438	523
438	548
438	549
438	580
439	441
439	442
439	444
439	450
439	457
439	461
439	466
439	467
439	475
439	483
439	510
439	527
439	529
439	537
439	565
439	566
439	567
439	579
439	582
439	587
439	589
439	590
440	444
440	451
440	452
440	459
440	460
440	462
440	472
440	473
440	487
440	528
440	587
440	597
441	450
441	454
441	461
441	466
441	468
441	470
441	488
441	492
441	503
441	511
441	512
441	528
441	541
441	561
441	562
442	447
442	450
442	451
442	452
442	459
442	461
442	462
442	468
442	473
442	475
442	485
442	503
442	522
442	537
443	446
443	453
443	460
443	461
443	462
443	464
443	470
443	472
443	474
443	475
443	483
443	504
443	514
443	516
443	518
443	520
443	533
443	564
443	574
443	580
443	596
444	448
444	451
444	456
444	458
444	462
444	463
444	466
444	469
444	470
444	475
444	476
444	477
444	482
444	499
444	519
444	522
444	577
444	596
445	446
445	447
445	451
445	457
445	458
445	460
445	461
445	468
445	470
445	472
445	474
445	482
445	485
445	494
445	498
445	504
445	508
445	518
445	531
445	562
445	565
445	566
446	448
446	451
446	454
446	460
446	461
446	466
446	470
446	473
446	474
446	476
446	522
446	532
446	535
446	562
446	568
447	450
447	451
447	457
447	458
447	462
447	463
447	465
447	467
447	474
447	476
447	482
447	515
447	524
447	527
447	530
447	536
447	545
447	552
447	558
447	559
447	588
448	450
448	454
448	456
448	457
448	474
448	529
448	530
448	544
448	549
448	566
448	570
449	451
449	464
449	469
449	470
449	473
449	476
449	483
449	493
449	501
449	513
449	521
449	560
449	571
449	573
449	583
450	451
450	452
450	453
450	456
450	457
450	462
450	465
450	467
450	468
450	471
450	472
450	487
450	502
450	534
450	536
450	539
450	542
450	549
450	561
451	459
451	462
451	469
451	475
451	481
451	492
451	495
451	502
451	509
451	521
451	544
451	555
451	568
451	571
451	578
451	594
451	596
452	453
452	454
452	455
452	463
452	466
452	469
452	470
452	478
452	479
452	497
452	499
452	519
452	526
452	528
452	554
452	555
452	567
452	584
452	587
453	454
453	455
453	457
453	461
453	463
453	464
453	467
453	470
453	473
453	494
453	498
453	508
453	512
453	530
453	533
453	534
453	578
453	587
453	591
453	593
454	460
454	467
454	469
454	470
454	485
454	491
454	494
454	495
454	516
454	522
454	524
454	526
454	532
454	589
454	590
454	593
455	456
455	459
455	473
455	475
455	513
455	520
455	523
455	524
455	525
455	580
455	584
456	459
456	460
456	462
456	468
456	471
456	483
456	491
456	494
456	505
456	518
456	529
456	530
456	536
456	549
456	558
456	577
456	580
456	589
456	591
457	459
457	460
457	464
457	473
457	477
457	496
457	499
457	501
457	510
457	564
457	568
457	594
458	459
458	462
458	465
458	469
458	472
458	476
458	478
458	487
458	489
458	502
458	504
458	508
458	513
458	516
458	548
458	563
458	585
458	589
459	460
459	470
459	475
459	484
459	515
459	545
459	550
459	554
459	564
459	583
459	584
459	588
460	468
460	471
460	476
460	477
460	484
460	490
460	493
460	500
460	501
460	516
460	527
460	528
460	549
460	551
460	557
461	463
461	469
461	471
461	473
461	475
461	478
461	487
461	511
461	516
461	543
461	545
461	566
461	581
461	592
461	595
461	597
462	467
462	469
462	477
462	478
462	490
462	529
462	562
462	566
462	570
462	572
462	580
463	464
463	467
463	468
463	473
463	477
463	497
463	501
463	532
463	543
463	595
464	465
464	466
464	468
464	469
464	536
464	550
464	554
464	567
464	574
464	576
464	579
464	585
464	588
465	467
465	471
465	477
465	485
465	488
465	506
465	534
465	542
465	546
465	556
465	574
465	588
465	596
466	468
466	469
466	470
466	473
466	474
466	476
466	477
466	478
466	482
466	505
466	509
466	532
466	537
466	538
466	545
466	572
466	575
466	581
466	593
467	470
467	471
467	472
467	483
467	496
467	527
467	528
467	548
467	569
467	585
468	469
468	471
468	475
468	478
468	492
468	511
468	523
468	546
468	562
468	568
468	577
468	592
468	595
468	597
469	471
469	484
469	486
469	488
469	494
469	510
469	514
469	526
469	538
469	540
469	556
469	574
469	592
469	594
469	595
469	597
470	472
470	476
470	485
470	503
470	509
470	514
470	536
470	544
470	559
470	577
471	474
471	477
471	478
471	485
471	492
471	500
471	515
471	522
471	548
471	558
471	559
471	561
471	584
472	477
472	479
472	489
472	497
472	514
472	546
472	548
472	553
472	563
472	567
472	568
472	573
472	593
473	476
473	477
473	479
473	484
473	487
473	494
473	505
473	520
473	533
473	540
473	545
473	556
473	573
473	576
474	475
474	479
474	506
474	526
474	541
474	543
474	574
474	576
474	588
475	476
475	479
475	501
475	505
475	507
475	508
475	510
475	524
475	534
475	541
475	543
475	552
475	580
475	587
476	486
476	488
476	518
476	529
476	560
476	598
477	489
477	507
477	529
477	537
477	540
477	541
477	549
477	563
477	573
477	582
478	484
478	492
478	499
478	502
478	507
478	524
478	566
478	586
478	590
478	595
479	482
479	486
479	490
479	501
479	519
479	552
479	565
479	569
479	594
480	484
480	488
480	489
480	492
480	496
480	504
480	506
480	516
480	519
480	521
480	528
480	532
480	536
480	538
480	539
480	541
480	544
480	550
480	551
480	553
480	555
480	559
480	564
480	565
480	569
480	571
480	574
480	576
480	587
480	588
480	594
481	483
481	484
481	486
481	487
481	489
481	490
481	496
481	501
481	504
481	507
481	513
481	516
481	521
481	522
481	523
481	524
481	531
481	532
481	533
481	534
481	535
481	536
481	540
481	546
481	550
481	555
481	558
481	559
481	575
481	579
481	581
481	583
481	588
481	593
481	594
481	597
481	598
482	483
482	486
482	497
482	498
482	501
482	507
482	509
482	512
482	518
482	519
482	520
482	521
482	527
482	531
482	532
482	536
482	538
482	542
482	547
482	549
482	550
482	552
482	553
482	556
482	558
482	559
482	565
482	571
482	577
482	580
482	590
482	594
483	486
483	495
483	497
483	504
483	505
483	511
483	515
483	524
483	531
483	537
483	545
483	551
483	553
483	559
483	562
483	566
483	567
483	570
483	571
483	572
483	575
483	581
483	582
483	586
483	587
483	588
483	590
484	489
484	495
484	496
484	497
484	498
484	500
484	501
484	506
484	508
484	510
484	514
484	516
484	518
484	535
484	538
484	544
484	551
484	552
484	555
484	557
484	559
484	561
484	567
484	568
484	571
484	577
484	578
484	580
484	581
484	588
484	592
484	594
485	487
485	500
485	502
485	503
485	509
485	517
485	519
485	520
485	521
485	526
485	527
485	529
485	534
485	535
485	545
485	548
485	551
485	552
485	555
485	557
485	563
485	565
485	570
485	575
485	576
485	577
485	589
485	591
485	594
485	598
485	599
486	489
486	490
486	504
486	511
486	512
486	517
486	522
486	525
486	530
486	540
486	545
486	546
486	552
486	559
486	562
486	564
486	569
486	571
486	573
486	577
486	579
486	581
486	583
486	586
486	590
486	591
486	592
486	598
487	489
487	490
487	495
487	517
487	518
487	524
487	532
487	535
487	545
487	547
487	550
487	554
487	556
487	557
487	562
487	566
487	572
487	588
487	592
487	594
487	595
488	489
488	490
488	496
488	503
488	505
488	509
488	513
488	518
488	523
488	525
488	526
488	540
488	542
488	545
488	546
488	549
488	554
488	555
488	556
488	557
488	558
488	563
488	564
488	567
488	568
488	570
488	577
488	578
488	583
488	584
488	592
489	490
489	494
489	496
489	498
489	501
489	503
489	506
489	512
489	514
489	515
489	517
489	521
489	523
489	526
489	527
489	529
489	530
489	540
489	548
489	552
489	557
489	559
489	560
489	564
489	567
489	568
489	572
489	573
489	586
489	588
489	590
489	593
489	594
489	596
490	491
490	492
490	498
490	501
490	502
490	504
490	507
490	512
490	514
490	523
490	530
490	535
490	541
490	543
490	548
490	551
490	559
490	560
490	563
490	566
490	571
490	582
490	583
490	584
490	586
490	591
490	594
490	595
490	598
490	599
491	497
491	508
491	511
491	514
491	519
491	525
491	526
491	529
491	538
491	540
491	544
491	548
491	555
491	556
491	564
491	565
491	570
491	571
491	574
491	575
491	576
491	577
491	583
491	584
491	589
491	590
491	593
491	597
491	599
492	493
492	495
492	498
492	499
492	503
492	508
492	512
492	513
492	519
492	520
492	521
492	523
492	529
492	530
492	535
492	536
492	541
492	547
492	550
492	553
492	556
492	570
492	572
492	573
492	576
492	579
492	585
492	587
492	591
492	592
492	594
492	596
492	598
493	494
493	496
493	498
493	500
493	501
493	502
493	503
493	505
493	511
493	517
493	521
493	534
493	536
493	539
493	540
493	543
493	545
493	546
493	547
493	551
493	552
493	553
493	557
493	559
493	570
493	573
493	589
493	591
493	592
493	597
493	599
494	495
494	496
494	499
494	500
494	502
494	512
494	516
494	518
494	519
494	522
494	530
494	532
494	545
494	546
494	547
494	549
494	554
494	560
494	561
494	564
494	565
494	568
494	569
494	572
494	574
494	575
494	576
494	577
494	579
494	580
494	594
494	597
494	598
495	496
495	498
495	500
495	501
495	504
495	511
495	516
495	521
495	524
495	531
495	535
495	546
495	547
495	551
495	555
495	556
495	563
495	564
495	575
495	576
495	580
495	586
495	589
495	590
495	591
495	594
495	595
496	510
496	514
496	517
496	518
496	522
496	528
496	531
496	532
496	534
496	535
496	539
496	541
496	542
496	546
496	549
496	555
496	564
496	567
496	569
496	574
496	576
496	584
496	585
496	586
496	589
496	592
496	595
497	498
497	499
497	508
497	510
497	513
497	522
497	523
497	524
497	529
497	540
497	541
497	546
497	548
497	559
497	560
497	561
497	562
497	565
497	566
497	567
497	568
497	573
497	578
497	585
497	586
498	500
498	504
498	508
498	510
498	516
498	518
498	519
498	526
498	539
498	540
498	542
498	543
498	547
498	549
498	554
498	555
498	556
498	558
498	563
498	564
498	565
498	580
498	581
498	590
498	595
498	599
499	501
499	504
499	508
499	509
499	510
499	514
499	515
499	522
499	524
499	534
499	535
499	536
499	539
499	546
499	550
499	553
499	555
499	556
499	558
499	560
499	561
499	562
499	563
499	564
499	565
499	571
499	584
499	585
499	589
499	591
499	595
499	598
499	599
500	502
500	505
500	508
500	519
500	523
500	524
500	527
500	528
500	532
500	533
500	535
500	538
500	544
500	545
500	546
500	549
500	557
500	559
500	560
500	563
500	572
500	578
500	581
500	586
500	590
501	502
501	503
501	507
501	509
501	510
501	512
501	515
501	526
501	527
501	528
501	529
501	530
501	532
501	533
501	539
501	542
501	547
501	553
501	563
501	564
501	567
501	571
501	574
501	578
501	579
501	583
501	590
501	592
501	594
501	595
501	598
502	505
502	506
502	512
502	514
502	521
502	523
502	524
502	530
502	532
502	535
502	540
502	548
502	550
502	551
502	556
502	557
502	561
502	563
502	572
502	577
502	580
502	583
502	590
502	595
502	596
502	597
502	598
503	504
503	514
503	515
503	523
503	526
503	527
503	528
503	530
503	537
503	542
503	543
503	547
503	548
503	549
503	554
503	559
503	561
503	563
503	566
503	570
503	572
503	576
503	577
503	593
503	596
503	597
503	598
504	505
504	506
504	509
504	511
504	513
504	516
504	522
504	527
504	530
504	532
504	540
504	555
504	569
504	572
504	578
504	584
504	585
504	589
505	506
505	508
505	510
505	511
505	524
505	527
505	529
505	539
505	543
505	544
505	545
505	550
505	554
505	557
505	566
505	577
505	579
505	582
505	585
505	596
506	509
506	511
506	512
506	513
506	518
506	523
506	525
506	526
506	528
506	532
506	533
506	537
506	538
506	539
506	543
506	547
506	552
506	554
506	557
506	564
506	566
506	571
506	572
506	574
506	576
506	579
506	583
506	584
506	586
506	590
506	596
506	599
507	509
507	510
507	511
507	513
507	517
507	520
507	521
507	524
507	526
507	527
507	529
507	531
507	533
507	534
507	537
507	540
507	544
507	548
507	550
507	557
507	566
507	578
507	580
507	594
507	595
508	510
508	513
508	520
508	521
508	523
508	524
508	525
508	542
508	543
508	544
508	545
508	546
508	551
508	572
508	577
508	579
508	581
508	582
508	583
508	585
508	591
509	513
509	519
509	520
509	522
509	523
509	525
509	528
509	529
509	531
509	540
509	541
509	545
509	546
509	551
509	552
509	553
509	556
509	561
509	563
509	577
509	579
509	583
509	589
509	595
509	596
510	511
510	514
510	517
510	522
510	526
510	529
510	532
510	534
510	535
510	542
510	552
510	553
510	560
510	561
510	565
510	566
510	570
510	573
510	578
510	583
510	588
510	592
510	599
511	512
511	513
511	518
511	519
511	521
511	522
511	528
511	532
511	537
511	538
511	544
511	546
511	548
511	554
511	555
511	559
511	562
511	564
511	566
511	570
511	580
511	584
511	586
511	593
511	595
511	597
512	514
512	517
512	521
512	527
512	529
512	530
512	535
512	536
512	548
512	550
512	552
512	553
512	555
512	560
512	561
512	570
512	571
512	572
512	573
512	575
512	580
512	584
512	585
512	587
512	591
512	592
512	594
513	516
513	518
513	520
513	522
513	524
513	525
513	527
513	531
513	541
513	542
513	544
513	548
513	551
513	553
513	554
513	557
513	559
513	561
513	564
513	568
513	570
513	571
513	572
513	577
513	586
513	589
513	593
513	597
514	515
514	516
514	520
514	521
514	522
514	527
514	534
514	536
514	537
514	543
514	544
514	549
514	562
514	565
514	567
514	569
514	576
514	583
514	597
514	599
515	516
515	524
515	525
515	530
515	535
515	549
515	553
515	562
515	565
515	568
515	571
515	573
515	574
515	577
515	578
515	580
515	584
515	588
515	589
515	591
515	592
515	594
515	596
515	597
516	518
516	522
516	526
516	540
516	545
516	546
516	549
516	551
516	555
516	559
516	561
516	562
516	565
516	568
516	571
516	582
516	585
516	586
516	587
516	588
516	589
516	593
516	595
516	596
516	599
517	520
517	521
517	522
517	524
517	526
517	527
517	530
517	531
517	532
517	533
517	535
517	538
517	545
517	548
517	559
517	562
517	568
517	572
517	585
517	589
517	590
517	592
517	596
518	519
518	524
518	529
518	531
518	538
518	539
518	540
518	543
518	545
518	550
518	552
518	555
518	567
518	569
518	572
518	583
518	584
518	588
518	590
518	597
519	521
519	522
519	523
519	524
519	527
519	533
519	534
519	539
519	543
519	545
519	555
519	556
519	557
519	563
519	568
519	570
519	576
519	578
519	585
519	588
519	591
519	594
519	597
520	522
520	525
520	526
520	527
520	530
520	532
520	535
520	540
520	546
520	548
520	550
520	552
520	554
520	558
520	566
520	568
520	570
520	580
520	582
520	598
521	528
521	534
521	543
521	544
521	549
521	550
521	551
521	554
521	558
521	561
521	569
521	575
521	577
521	580
521	582
521	590
521	591
521	592
521	597
522	523
522	530
522	535
522	537
522	538
522	540
522	543
522	546
522	547
522	549
522	561
522	562
522	564
522	567
522	569
522	571
522	572
522	573
522	574
522	580
522	582
522	589
522	590
522	595
523	526
523	527
523	529
523	532
523	535
523	536
523	537
523	542
523	550
523	555
523	558
523	559
523	560
523	565
523	574
523	577
523	579
523	592
524	527
524	528
524	531
524	540
524	541
524	542
524	543
524	545
524	553
524	556
524	559
524	561
524	564
524	565
524	567
524	570
524	574
524	575
524	577
524	580
524	581
524	586
524	587
524	588
524	590
524	596
524	599
525	531
525	537
525	539
525	545
525	547
525	550
525	551
525	555
525	556
525	561
525	563
525	564
525	566
525	567
525	569
525	571
525	576
525	581
525	582
525	589
525	591
525	594
525	598
526	528
526	530
526	534
526	536
526	538
526	546
526	548
526	550
526	557
526	558
526	579
526	581
526	583
526	585
526	588
526	591
526	592
526	597
526	598
526	599
527	530
527	531
527	534
527	535
527	541
527	545
527	548
527	550
527	552
527	554
527	556
527	558
527	559
527	561
527	562
527	569
527	582
527	583
527	584
527	585
527	596
527	597
528	533
528	537
528	538
528	543
528	554
528	556
528	558
528	561
528	569
528	570
528	572
528	575
528	576
528	582
528	583
528	590
528	597
528	599
529	532
529	533
529	535
529	537
529	540
529	541
529	545
529	546
529	547
529	554
529	555
529	557
529	559
529	561
529	563
529	564
529	565
529	570
529	571
529	572
529	574
529	578
529	583
529	587
530	531
530	532
530	536
530	538
530	539
530	546
530	550
530	552
530	553
530	558
530	559
530	560
530	565
530	571
530	572
530	575
530	576
530	583
530	584
530	593
531	536
531	541
531	544
531	547
531	550
531	554
531	555
531	558
531	559
531	563
531	564
531	566
531	567
531	569
531	573
531	574
531	580
531	582
531	585
531	591
531	595
532	535
532	536
532	537
532	541
532	545
532	546
532	548
532	549
532	550
532	551
532	552
532	553
532	559
532	561
532	563
532	565
532	569
532	576
532	577
532	579
532	584
532	586
532	588
532	592
532	593
533	534
533	539
533	546
533	551
533	557
533	558
533	563
533	565
533	569
533	570
533	579
533	580
533	581
533	584
533	594
533	599
534	536
534	538
534	541
534	548
534	552
534	553
534	555
534	556
534	557
534	563
534	568
534	572
534	575
534	577
534	581
534	584
534	590
534	593
535	537
535	542
535	546
535	547
535	548
535	554
535	562
535	563
535	564
535	566
535	579
535	585
535	588
535	590
535	591
535	594
535	599
536	537
536	539
536	541
536	542
536	544
536	545
536	553
536	562
536	571
536	576
536	582
536	589
536	592
536	594
536	595
537	540
537	541
537	548
537	565
537	569
537	574
537	575
537	576
537	583
537	592
537	595
537	596
537	597
538	539
538	545
538	546
538	547
538	548
538	552
538	558
538	559
538	561
538	569
538	570
538	578
538	579
538	580
538	586
538	597
538	598
539	540
539	545
539	546
539	557
539	564
539	565
539	566
539	567
539	568
539	571
539	572
539	578
539	579
539	588
539	593
539	598
540	541
540	545
540	548
540	551
540	553
540	555
540	569
540	570
540	572
540	575
540	587
540	588
540	592
540	594
540	596
541	544
541	548
541	550
541	552
541	553
541	555
541	562
541	563
541	567
541	568
541	569
541	588
541	589
541	590
541	591
541	598
542	546
542	550
542	555
542	560
542	564
542	566
542	568
542	574
542	578
542	582
542	591
542	594
542	595
543	548
543	549
543	551
543	552
543	555
543	560
543	564
543	567
543	569
543	572
543	573
543	575
543	576
543	578
543	582
543	584
543	586
543	587
543	588
544	547
544	550
544	552
544	556
544	559
544	560
544	571
544	580
544	581
544	582
544	584
544	588
544	590
544	594
544	596
544	597
544	598
545	550
545	554
545	561
545	567
545	568
545	569
545	570
545	572
545	575
545	576
545	585
545	586
545	588
545	589
545	592
545	595
545	596
545	599
546	548
546	550
546	552
546	555
546	562
546	563
546	564
546	572
546	576
546	577
546	578
546	586
546	589
546	590
546	593
546	594
546	598
547	551
547	552
547	553
547	554
547	555
547	557
547	561
547	564
547	567
547	570
547	571
547	574
547	597
548	549
548	551
548	554
548	557
548	558
548	561
548	563
548	564
548	575
548	578
548	580
548	586
548	589
548	590
548	593
548	595
548	596
548	597
549	554
549	556
549	558
549	562
549	563
549	567
549	569
549	570
549	576
549	582
549	585
549	586
549	592
549	594
550	555
550	556
550	562
550	569
550	571
550	576
550	579
550	585
550	587
550	591
550	592
550	593
550	597
550	598
551	558
551	559
551	562
551	564
551	568
551	570
551	571
551	576
551	578
551	583
551	586
551	587
551	589
551	594
551	596
551	597
551	598
552	553
552	556
552	563
552	568
552	570
552	571
552	572
552	575
552	576
552	582
552	584
552	585
552	586
552	587
552	588
552	589
552	593
552	594
553	555
553	556
553	558
553	576
553	578
553	585
553	586
553	587
553	599
554	558
554	560
554	562
554	564
554	567
554	568
554	569
554	575
554	576
554	580
554	583
554	590
554	594
554	596
555	560
555	564
555	569
555	572
555	575
555	587
555	595
555	596
555	598
556	558
556	559
556	560
556	563
556	567
556	571
556	572
556	573
556	577
556	591
556	592
556	594
556	595
556	596
556	599
557	558
557	566
557	568
557	571
557	580
557	588
557	591
557	596
558	559
558	563
558	565
558	566
558	567
558	571
558	577
558	582
558	593
558	596
559	560
559	564
559	572
559	575
559	577
559	580
559	582
559	590
559	594
559	595
560	566
560	568
560	570
560	576
560	589
560	595
560	598
561	562
561	569
561	572
561	576
561	579
561	580
561	591
561	593
561	595
561	599
562	565
562	566
562	567
562	568
562	573
562	579
562	583
562	586
562	587
562	588
562	590
562	591
562	599
563	566
563	575
563	576
563	582
563	585
563	588
563	593
564	568
564	569
564	572
564	573
564	576
564	581
564	591
564	594
564	596
564	598
565	573
565	574
565	579
565	585
565	592
565	596
565	598
565	599
566	568
566	571
566	573
566	575
566	576
566	579
566	583
566	586
566	587
566	589
566	590
566	591
566	592
566	595
566	599
567	593
567	596
568	569
568	570
568	573
568	574
568	580
568	584
568	594
568	598
569	571
569	572
569	574
569	575
569	576
569	578
569	579
569	582
569	584
569	586
569	587
569	588
569	590
569	597
570	571
570	572
570	577
570	584
570	587
570	588
570	593
570	595
570	598
570	599
571	574
571	578
571	581
571	582
571	586
571	587
571	594
571	595
572	575
572	583
572	588
572	589
572	590
572	592
572	596
573	574
573	577
573	580
573	582
573	586
573	587
573	589
573	598
573	599
574	575
574	580
574	581
574	585
574	589
574	592
574	593
574	598
575	576
575	582
575	585
575	586
575	587
575	588
575	591
575	596
575	597
576	583
576	586
576	593
576	599
577	578
577	581
577	583
577	584
577	590
577	591
577	593
577	595
578	579
578	587
578	588
578	592
578	599
579	580
579	582
579	587
580	582
580	584
580	586
580	587
580	588
580	589
580	590
580	592
580	599
581	582
581	592
582	583
582	588
582	591
582	594
582	595
582	597
582	598
583	589
583	595
584	586
584	588
584	590
584	592
584	596
584	599
585	586
585	587
586	592
586	594
587	591
587	592
587	594
587	596
588	594
588	599
589	590
589	594
589	595
590	595
591	595
591	598
592	594
592	597
593	598
594	597
594	598
595	597
595	598
597	599
