# k = 5
# N = 600
# alpha = 4
# beta = 0.666666666667
# Qe = 0.4
#	FromNodeId	ToNodeId
0	9
0	10
0	19
0	25
0	60
0	66
0	81
0	90
0	95
0	100
0	111
0	115
0	150
0	180
0	190
0	375
0	425
0	469
0	505
1	6
1	25
1	27
1	32
1	37
1	40
1	41
1	52
1	56
1	62
1	70
1	79
1	81
1	82
1	88
1	91
1	95
1	99
1	100
1	101
1	105
1	106
1	109
1	111
1	179
1	516
1	533
2	5
2	7
2	9
2	10
2	27
2	36
2	41
2	47
2	66
2	75
2	95
2	122
2	139
2	143
2	169
2	174
2	368
2	459
2	520
3	8
3	14
3	16
3	22
3	23
3	26
3	29
3	39
3	45
3	61
3	62
3	73
3	78
3	90
3	101
3	114
3	116
3	121
3	122
3	173
3	395
3	404
3	504
3	562
4	16
4	23
4	24
4	27
4	28
4	31
4	37
4	42
4	48
4	57
4	59
4	68
4	70
4	79
4	80
4	81
4	94
4	96
4	102
4	103
4	105
4	110
4	112
4	118
4	119
4	130
4	150
4	217
4	449
4	501
4	578
5	12
5	14
5	18
5	28
5	32
5	38
5	42
5	63
5	77
5	82
5	87
5	102
5	106
5	109
5	144
5	159
5	233
5	368
5	400
5	481
5	491
6	20
6	28
6	35
6	44
6	48
6	49
6	65
6	76
6	78
6	79
6	82
6	83
6	86
6	98
6	115
6	119
6	141
6	198
6	225
6	386
6	444
6	453
6	476
6	504
6	516
6	536
6	587
7	10
7	14
7	33
7	34
7	36
7	38
7	40
7	43
7	44
7	46
7	52
7	60
7	69
7	71
7	75
7	77
7	104
7	105
7	112
7	133
7	153
7	160
7	193
7	203
7	376
8	13
8	21
8	24
8	41
8	42
8	48
8	52
8	54
8	67
8	73
8	74
8	88
8	98
8	103
8	114
8	121
8	161
8	233
8	369
8	411
8	453
8	459
9	19
9	20
9	41
9	43
9	68
9	72
9	74
9	75
9	77
9	78
9	82
9	91
9	93
9	94
9	114
9	158
9	196
9	233
9	430
9	454
9	509
10	11
10	12
10	23
10	25
10	29
10	30
10	33
10	41
10	46
10	47
10	52
10	53
10	73
10	82
10	83
10	87
10	90
10	92
10	99
10	105
10	115
10	124
10	131
10	153
10	154
10	175
10	188
10	210
10	226
10	239
10	418
10	480
11	24
11	27
11	32
11	41
11	44
11	56
11	59
11	60
11	65
11	68
11	69
11	71
11	75
11	76
11	82
11	85
11	89
11	98
11	108
11	113
11	192
11	194
11	211
11	363
11	383
11	384
11	494
12	20
12	24
12	38
12	46
12	58
12	64
12	67
12	70
12	71
12	72
12	76
12	78
12	91
12	98
12	107
12	108
12	109
12	114
12	116
12	117
12	135
12	164
12	178
12	524
12	571
12	582
13	16
13	23
13	37
13	38
13	44
13	49
13	52
13	57
13	61
13	65
13	73
13	80
13	86
13	89
13	90
13	91
13	95
13	100
13	105
13	109
13	115
13	116
13	226
13	234
13	374
13	385
13	395
13	431
13	505
13	569
14	24
14	25
14	26
14	35
14	42
14	46
14	65
14	68
14	94
14	95
14	99
14	111
14	367
14	394
14	436
14	444
15	22
15	29
15	39
15	58
15	60
15	76
15	83
15	86
15	88
15	106
15	110
15	116
15	118
15	135
15	142
15	171
15	201
15	391
15	555
16	17
16	19
16	44
16	51
16	58
16	60
16	75
16	90
16	109
16	116
16	118
16	119
16	123
16	146
16	154
16	209
16	227
16	420
16	427
16	509
16	559
16	593
17	19
17	20
17	21
17	26
17	28
17	34
17	63
17	66
17	67
17	70
17	86
17	96
17	101
17	103
17	112
17	113
17	132
17	135
17	138
17	198
17	201
17	212
17	390
17	435
18	24
18	35
18	36
18	39
18	56
18	64
18	67
18	70
18	79
18	80
18	81
18	83
18	93
18	107
18	110
18	133
18	164
18	208
18	239
18	399
18	428
18	430
18	455
19	21
19	54
19	55
19	57
19	62
19	65
19	67
19	79
19	86
19	88
19	89
19	383
19	409
19	479
19	517
19	550
20	23
20	24
20	28
20	36
20	43
20	44
20	45
20	58
20	69
20	80
20	94
20	99
20	103
20	106
20	117
20	119
20	131
20	155
20	160
20	172
20	178
20	199
20	209
20	219
20	382
20	394
20	456
20	466
21	28
21	30
21	38
21	39
21	47
21	66
21	75
21	77
21	98
21	109
21	113
21	167
21	182
21	365
21	410
21	473
22	32
22	48
22	56
22	62
22	63
22	64
22	68
22	74
22	78
22	84
22	87
22	92
22	94
22	95
22	97
22	100
22	103
22	106
22	110
22	119
22	130
22	160
22	164
22	196
22	447
23	26
23	32
23	39
23	46
23	48
23	49
23	55
23	64
23	68
23	74
23	79
23	81
23	82
23	88
23	94
23	96
23	101
23	102
23	104
23	105
23	107
23	114
23	115
23	394
23	478
23	499
23	578
24	38
24	44
24	45
24	56
24	59
24	63
24	75
24	80
24	81
24	92
24	93
24	100
24	102
24	113
24	137
24	159
24	198
24	365
24	423
24	468
24	476
24	509
24	519
24	541
25	27
25	28
25	35
25	36
25	41
25	51
25	59
25	61
25	62
25	68
25	72
25	76
25	82
25	95
25	97
25	100
25	101
25	102
25	104
25	105
25	113
25	114
25	131
25	152
25	154
25	163
25	227
25	401
25	462
25	508
25	566
26	32
26	34
26	37
26	38
26	39
26	51
26	62
26	68
26	74
26	80
26	85
26	86
26	94
26	109
26	113
26	116
26	185
26	457
26	499
27	34
27	36
27	40
27	49
27	50
27	51
27	55
27	60
27	69
27	81
27	90
27	100
27	101
27	108
27	111
27	117
27	211
27	221
27	370
27	469
28	43
28	44
28	46
28	49
28	52
28	62
28	64
28	78
28	80
28	82
28	87
28	90
28	112
28	118
28	119
28	176
28	226
28	436
29	35
29	39
29	42
29	60
29	61
29	65
29	70
29	89
29	93
29	100
29	111
29	115
29	427
29	489
30	32
30	38
30	40
30	55
30	59
30	60
30	66
30	67
30	70
30	71
30	80
30	85
30	105
30	110
30	172
30	374
30	381
30	382
30	385
30	389
30	460
30	546
30	585
31	53
31	59
31	64
31	74
31	82
31	83
31	89
31	94
31	95
31	103
31	104
31	106
31	108
31	119
31	122
31	234
31	388
31	397
31	450
31	498
31	565
32	33
32	55
32	70
32	78
32	81
32	85
32	87
32	95
32	101
32	107
32	116
32	118
32	157
32	188
32	232
32	375
32	402
32	408
32	434
33	35
33	36
33	37
33	42
33	43
33	48
33	52
33	54
33	55
33	60
33	65
33	66
33	68
33	75
33	86
33	97
33	110
33	117
33	119
33	208
33	228
33	477
33	566
33	582
34	39
34	42
34	49
34	77
34	87
34	93
34	94
34	100
34	103
34	111
34	114
34	117
34	208
34	387
34	590
35	37
35	38
35	45
35	49
35	56
35	59
35	63
35	66
35	70
35	72
35	76
35	91
35	92
35	93
35	94
35	108
35	110
35	112
35	137
35	146
35	226
35	371
35	428
35	455
35	554
36	46
36	48
36	50
36	60
36	67
36	74
36	76
36	78
36	80
36	81
36	84
36	94
36	96
36	101
36	104
36	147
36	151
36	178
36	221
36	364
36	365
36	370
36	396
36	438
37	38
37	47
37	57
37	70
37	84
37	92
37	96
37	105
37	107
37	117
37	139
37	172
37	515
37	546
37	549
38	39
38	42
38	49
38	53
38	59
38	65
38	68
38	69
38	77
38	78
38	81
38	100
38	106
38	107
38	115
38	117
38	167
38	173
38	207
38	367
38	442
38	570
39	46
39	51
39	55
39	61
39	71
39	75
39	82
39	93
39	96
39	97
39	101
39	111
39	115
39	116
39	118
39	199
39	233
39	401
40	43
40	50
40	58
40	64
40	70
40	71
40	72
40	84
40	85
40	86
40	100
40	107
40	112
40	140
40	171
40	238
41	55
41	56
41	73
41	76
41	79
41	84
41	86
41	91
41	92
41	96
41	98
41	110
41	111
41	115
41	116
41	136
41	229
41	393
41	442
41	467
41	502
41	532
41	552
42	57
42	58
42	61
42	81
42	84
42	95
42	99
42	102
42	108
42	119
42	217
42	222
43	44
43	47
43	49
43	54
43	59
43	68
43	94
43	99
43	104
43	106
43	112
43	119
43	385
43	416
44	56
44	60
44	64
44	66
44	75
44	89
44	105
44	108
44	109
44	169
44	180
44	222
44	223
44	388
44	406
44	449
44	481
44	571
44	591
45	73
45	78
45	82
45	92
45	99
45	100
45	187
45	207
45	452
45	467
45	512
45	547
45	586
46	49
46	58
46	63
46	64
46	70
46	72
46	85
46	86
46	102
46	104
46	106
46	111
46	138
46	216
46	231
46	366
46	388
46	390
46	441
46	446
46	458
47	53
47	69
47	71
47	74
47	78
47	94
47	105
47	110
47	112
47	131
47	227
47	410
47	428
47	537
47	543
47	565
48	50
48	52
48	59
48	66
48	68
48	75
48	83
48	102
48	105
48	113
48	115
48	116
48	132
48	165
48	193
48	212
48	401
48	408
48	437
48	510
48	557
49	53
49	55
49	66
49	73
49	79
49	83
49	84
49	173
49	232
49	461
49	522
49	561
50	61
50	65
50	67
50	71
50	77
50	86
50	90
50	91
50	105
50	108
50	113
50	118
50	198
50	229
50	238
50	385
51	57
51	58
51	66
51	90
51	92
51	95
51	96
51	101
51	113
51	118
51	140
51	183
51	191
51	472
51	474
51	478
52	54
52	61
52	71
52	74
52	75
52	76
52	78
52	79
52	100
52	104
52	167
52	234
52	375
52	410
52	437
53	56
53	57
53	63
53	70
53	71
53	72
53	75
53	77
53	96
53	103
53	108
53	114
53	152
53	205
53	534
54	58
54	74
54	76
54	88
54	95
54	101
54	102
54	107
54	111
54	123
54	133
54	135
54	171
54	388
54	404
54	414
54	479
55	75
55	80
55	81
55	83
55	103
55	104
55	110
55	115
55	118
55	140
55	161
55	172
55	401
55	537
56	65
56	76
56	89
56	97
56	113
56	170
56	451
56	473
56	521
56	553
56	556
57	59
57	60
57	64
57	69
57	71
57	72
57	77
57	94
57	97
57	109
57	117
57	118
57	122
57	145
57	380
57	414
57	447
57	450
57	498
57	515
58	65
58	75
58	78
58	80
58	81
58	85
58	91
58	107
58	110
58	115
58	207
58	224
58	436
58	545
59	60
59	61
59	64
59	67
59	74
59	75
59	77
59	105
59	112
59	116
59	117
59	167
59	239
59	364
59	431
59	463
59	558
59	576
59	586
60	61
60	65
60	83
60	84
60	90
60	97
60	108
60	114
60	116
60	118
60	129
60	130
60	187
60	420
61	67
61	68
61	78
61	105
61	106
61	108
61	143
61	189
61	199
61	389
61	422
61	528
62	64
62	65
62	68
62	81
62	87
62	93
62	97
62	100
62	108
62	155
62	173
62	176
62	189
62	218
62	369
62	438
62	472
62	550
62	557
62	578
63	68
63	84
63	91
63	105
63	180
63	206
63	478
63	486
63	533
63	551
63	597
64	65
64	69
64	73
64	77
64	78
64	84
64	90
64	96
64	97
64	109
64	111
64	114
64	182
64	234
64	429
64	468
64	545
65	69
65	78
65	89
65	94
65	103
65	105
65	107
65	156
65	184
65	194
65	229
65	367
65	376
65	381
65	404
66	72
66	76
66	78
66	91
66	96
66	98
66	99
66	111
66	116
66	158
66	193
66	441
67	72
67	73
67	74
67	75
67	76
67	84
67	86
67	89
67	92
67	93
67	98
67	100
67	104
67	380
67	504
67	533
68	69
68	72
68	82
68	84
68	97
68	98
68	104
68	105
68	109
68	114
68	173
68	184
68	205
68	397
68	407
68	485
68	590
69	70
69	76
69	78
69	80
69	83
69	86
69	98
69	99
69	100
69	102
69	106
69	110
69	115
69	125
69	185
69	459
69	526
69	534
69	583
70	78
70	80
70	81
70	88
70	91
70	92
70	104
70	107
70	117
70	120
70	236
70	421
70	526
70	577
71	74
71	77
71	81
71	82
71	88
71	90
71	102
71	111
71	120
71	133
71	145
71	206
71	224
71	225
71	408
71	421
71	460
72	74
72	76
72	81
72	82
72	83
72	84
72	86
72	87
72	90
72	93
72	95
72	96
72	97
72	109
72	117
72	134
72	149
72	166
72	171
72	177
72	227
72	238
72	382
72	414
72	427
73	78
73	95
73	98
73	100
73	106
73	110
73	112
73	114
73	115
73	116
73	125
73	156
73	201
73	225
73	406
73	458
74	75
74	79
74	84
74	97
74	115
74	118
74	150
74	239
74	366
74	373
74	485
75	82
75	93
75	97
75	101
75	105
75	115
75	142
75	145
75	189
75	196
75	367
75	386
75	390
75	448
75	566
75	571
76	77
76	78
76	83
76	87
76	94
76	105
76	111
76	136
76	236
76	438
76	530
76	536
77	82
77	84
77	85
77	96
77	100
77	106
77	107
77	110
77	112
77	113
77	114
77	120
77	127
77	153
77	177
77	181
77	368
77	434
77	451
77	481
78	86
78	91
78	93
78	98
78	100
78	101
78	105
78	180
78	193
78	211
78	404
78	465
78	484
78	534
78	597
79	83
79	87
79	89
79	91
79	95
79	105
79	112
79	115
79	117
79	153
79	154
79	215
79	377
79	436
79	447
79	457
80	87
80	92
80	93
80	101
80	108
80	109
80	113
80	231
80	419
80	466
80	527
80	553
81	96
81	103
81	123
81	131
81	184
81	363
81	443
81	463
81	479
81	499
81	549
82	83
82	93
82	95
82	100
82	107
82	110
82	113
82	129
82	134
82	188
82	239
82	419
82	579
83	84
83	94
83	106
83	200
83	206
83	367
83	371
83	427
83	598
84	89
84	95
84	96
84	165
84	188
84	206
84	452
84	465
84	504
85	104
85	107
85	108
85	109
85	116
85	199
85	360
85	363
85	477
85	527
85	580
86	89
86	90
86	93
86	104
86	106
86	112
86	114
86	137
86	143
86	368
86	577
87	89
87	93
87	94
87	101
87	115
87	234
87	386
87	439
87	459
87	465
87	584
88	107
88	110
88	118
88	139
88	209
88	232
88	238
88	432
88	583
89	98
89	103
89	114
89	116
89	117
89	119
89	135
89	173
89	187
89	213
89	227
89	231
89	233
89	382
89	426
89	434
89	488
89	530
89	558
90	95
90	97
90	99
90	106
90	115
90	119
90	121
90	173
90	236
90	477
90	512
90	557
91	93
91	95
91	96
91	101
91	104
91	109
91	112
91	114
91	116
91	148
91	180
91	385
91	386
91	439
91	528
91	560
92	109
92	110
92	114
92	117
92	189
92	206
92	361
92	364
92	391
92	436
92	566
93	94
93	96
93	97
93	114
93	119
93	139
93	180
93	478
94	101
94	111
94	114
94	117
94	191
94	404
94	440
94	554
94	585
95	99
95	107
95	115
95	116
95	157
95	170
95	177
95	210
95	511
96	98
96	99
96	103
96	105
96	109
96	135
96	138
96	152
96	172
96	369
96	394
96	482
96	521
96	578
97	102
97	103
97	502
97	574
98	111
98	113
98	116
98	119
98	175
98	201
98	369
98	411
98	515
99	112
99	169
99	186
99	199
99	201
99	415
99	483
100	115
100	127
100	173
100	214
100	221
100	381
100	383
100	442
101	105
101	107
101	110
101	116
101	366
101	388
101	392
101	408
101	410
101	459
102	108
102	117
102	134
102	139
102	156
102	391
102	431
103	106
103	116
103	118
103	159
103	160
103	198
103	231
103	390
103	435
103	446
104	108
104	126
104	134
104	137
104	164
104	173
104	216
104	520
104	531
105	114
105	146
105	157
105	180
105	375
106	113
106	118
106	184
106	202
106	215
106	436
106	464
106	484
107	109
107	118
107	199
107	400
107	428
108	110
108	124
108	126
108	145
108	163
108	187
108	195
108	203
108	399
108	401
108	564
109	545
109	548
110	209
110	237
110	399
110	406
110	528
111	112
111	113
111	129
111	141
111	219
111	374
111	394
111	460
112	157
112	214
112	238
112	380
112	554
113	218
113	416
113	446
114	116
114	145
114	152
114	162
114	203
114	239
114	370
114	380
114	396
114	400
114	408
114	460
114	492
114	543
115	168
115	176
115	193
115	195
115	393
115	409
115	477
115	479
115	570
115	583
116	118
116	147
116	155
116	423
116	432
116	520
117	118
117	125
117	126
117	150
117	179
117	459
117	528
118	147
118	149
118	218
118	223
118	234
118	398
118	401
118	551
118	553
119	170
119	197
119	223
119	378
119	437
119	478
120	126
120	128
120	131
120	132
120	138
120	155
120	167
120	170
120	190
120	191
120	192
120	196
120	203
120	205
120	212
120	222
120	225
120	232
120	238
120	480
120	531
121	123
121	134
121	140
121	143
121	144
121	146
121	148
121	157
121	162
121	172
121	177
121	180
121	189
121	193
121	203
121	227
121	231
121	238
121	481
121	505
121	556
121	590
122	123
122	126
122	130
122	132
122	139
122	143
122	144
122	147
122	150
122	180
122	182
122	207
122	211
122	215
122	223
122	229
122	237
122	567
122	569
122	591
123	135
123	145
123	146
123	154
123	156
123	163
123	173
123	180
123	186
123	188
123	196
123	197
123	199
123	208
123	216
123	217
123	221
123	224
123	233
123	238
123	239
123	594
123	595
124	129
124	132
124	134
124	137
124	141
124	144
124	150
124	151
124	152
124	176
124	181
124	185
124	192
124	194
124	200
124	201
124	207
124	218
124	219
124	230
124	235
124	236
124	239
124	531
124	532
124	562
125	134
125	145
125	149
125	151
125	157
125	161
125	163
125	164
125	167
125	171
125	175
125	179
125	191
125	200
125	204
125	205
125	209
125	217
125	220
125	223
125	228
125	236
125	497
125	517
125	534
125	558
125	599
126	127
126	128
126	130
126	143
126	147
126	149
126	151
126	154
126	159
126	164
126	188
126	195
126	198
126	206
126	211
126	215
126	493
126	494
126	561
126	563
126	565
127	134
127	151
127	152
127	160
127	167
127	171
127	176
127	184
127	185
127	189
127	192
127	203
127	212
127	216
127	219
127	230
127	231
127	234
127	491
127	535
128	145
128	154
128	166
128	172
128	178
128	181
128	182
128	183
128	185
128	190
128	192
128	197
128	199
128	202
128	205
128	214
128	216
128	236
128	500
128	513
128	576
129	133
129	138
129	157
129	164
129	166
129	167
129	174
129	177
129	186
129	201
129	219
129	223
129	226
129	235
129	236
129	485
129	494
129	503
129	509
129	559
129	566
129	591
130	144
130	146
130	155
130	156
130	160
130	168
130	170
130	178
130	179
130	187
130	204
130	214
130	219
130	223
130	232
130	237
130	239
130	520
130	558
130	570
130	580
130	598
131	139
131	160
131	168
131	184
131	191
131	202
131	213
131	214
131	219
131	222
131	225
131	237
131	238
131	488
131	499
131	522
131	556
132	140
132	147
132	153
132	169
132	172
132	186
132	192
132	194
132	212
132	218
132	224
132	233
133	137
133	155
133	171
133	180
133	181
133	189
133	201
133	207
133	208
133	221
133	233
133	239
133	480
133	521
134	140
134	149
134	166
134	170
134	194
134	197
134	206
134	222
134	224
134	226
134	233
134	234
134	571
135	146
135	155
135	179
135	183
135	184
135	187
135	188
135	200
135	208
135	209
135	220
135	227
135	228
135	229
135	230
135	231
135	233
135	234
135	235
135	236
135	238
135	495
135	597
136	137
136	142
136	145
136	146
136	157
136	171
136	173
136	181
136	183
136	188
136	196
136	202
136	211
136	229
136	485
136	502
136	541
136	563
137	138
137	139
137	157
137	163
137	171
137	190
137	191
137	192
137	193
137	209
137	218
137	225
137	234
137	235
137	501
137	550
137	573
138	143
138	146
138	149
138	171
138	180
138	181
138	203
138	207
138	213
138	217
138	218
138	220
138	223
138	225
138	227
138	228
138	232
138	235
138	239
138	514
138	519
138	521
138	523
138	560
138	579
139	145
139	148
139	151
139	155
139	156
139	159
139	163
139	171
139	182
139	183
139	184
139	202
139	203
139	205
139	206
139	207
139	210
139	217
139	230
139	236
139	238
139	480
139	531
139	567
139	579
139	598
140	150
140	162
140	169
140	172
140	180
140	189
140	191
140	193
140	199
140	200
140	206
140	218
140	236
140	489
140	503
140	558
140	569
141	145
141	148
141	155
141	159
141	160
141	164
141	168
141	170
141	174
141	175
141	194
141	197
141	200
141	204
141	210
141	224
141	230
141	236
141	239
141	490
141	493
141	526
142	146
142	163
142	170
142	173
142	177
142	182
142	183
142	193
142	205
142	209
142	218
142	235
142	237
142	480
142	492
142	504
142	534
142	555
142	573
143	146
143	155
143	167
143	169
143	181
143	184
143	195
143	205
143	211
143	222
143	229
143	500
143	513
143	531
143	543
143	575
144	145
144	146
144	153
144	158
144	164
144	166
144	174
144	177
144	182
144	186
144	187
144	194
144	199
144	204
144	218
144	225
144	238
144	488
144	533
144	549
144	594
144	595
145	156
145	157
145	159
145	176
145	191
145	192
145	196
145	201
145	202
145	229
145	230
145	518
145	580
146	150
146	152
146	159
146	162
146	165
146	169
146	176
146	189
146	196
146	201
146	204
146	210
146	212
146	215
146	233
146	521
146	542
146	573
146	576
147	148
147	156
147	163
147	174
147	175
147	176
147	188
147	193
147	194
147	198
147	201
147	202
147	214
147	223
147	227
147	228
147	232
147	237
147	488
147	509
147	521
147	599
148	150
148	157
148	166
148	176
148	180
148	190
148	203
148	205
148	214
148	218
148	219
148	220
148	221
148	223
148	239
148	492
148	539
148	566
148	583
149	150
149	152
149	153
149	154
149	155
149	156
149	168
149	169
149	177
149	201
149	203
149	213
149	223
149	225
149	226
149	236
149	495
149	577
149	588
150	156
150	160
150	161
150	173
150	174
150	178
150	180
150	184
150	193
150	198
150	199
150	211
150	212
150	213
150	219
150	231
150	234
150	235
150	236
150	537
150	540
150	582
150	596
151	161
151	174
151	181
151	191
151	194
151	200
151	204
151	205
151	214
151	216
151	217
151	222
151	226
151	234
151	235
151	237
151	493
151	501
151	547
151	553
152	153
152	154
152	161
152	164
152	167
152	177
152	185
152	186
152	187
152	191
152	195
152	204
152	207
152	214
152	218
152	222
152	227
152	233
152	234
152	238
152	499
152	502
152	507
152	517
152	568
152	589
153	160
153	163
153	164
153	169
153	173
153	179
153	196
153	203
153	204
153	205
153	207
153	210
153	214
153	225
153	231
153	232
153	571
153	580
154	156
154	158
154	167
154	170
154	176
154	178
154	187
154	190
154	193
154	195
154	199
154	200
154	206
154	209
154	210
154	213
154	214
154	227
154	229
154	231
154	237
154	481
154	573
154	575
154	576
155	162
155	178
155	208
155	213
155	214
155	534
155	535
155	538
155	569
155	577
156	159
156	175
156	177
156	192
156	200
156	206
156	236
156	570
156	589
157	162
157	163
157	167
157	173
157	184
157	200
157	204
157	206
157	209
157	224
157	229
157	486
157	493
157	509
157	587
158	161
158	162
158	169
158	175
158	192
158	194
158	197
158	202
158	205
158	209
158	212
158	220
158	225
158	232
158	498
158	531
158	581
158	593
159	164
159	170
159	181
159	186
159	190
159	194
159	197
159	201
159	207
159	208
159	214
159	216
159	217
159	218
159	229
159	503
160	161
160	168
160	176
160	177
160	180
160	184
160	189
160	190
160	194
160	210
160	217
160	219
160	230
160	233
160	239
160	499
160	524
160	551
161	162
161	169
161	176
161	193
161	194
161	196
161	205
161	218
161	486
161	521
161	542
161	551
161	590
162	192
162	196
162	201
162	205
162	213
162	218
162	219
162	224
162	229
162	507
162	510
162	512
162	568
162	575
162	580
162	590
163	174
163	175
163	179
163	184
163	186
163	189
163	193
163	198
163	200
163	205
163	206
163	213
163	217
163	220
163	221
163	224
163	228
163	231
163	232
163	234
163	236
163	239
163	493
163	514
163	527
163	531
164	165
164	175
164	176
164	179
164	180
164	181
164	183
164	184
164	189
164	205
164	206
164	214
164	215
164	225
164	229
164	231
164	505
164	513
164	515
164	524
164	540
164	558
164	559
164	589
165	167
165	172
165	190
165	192
165	193
165	213
165	215
165	224
165	228
165	233
165	237
165	570
165	593
166	177
166	183
166	189
166	192
166	194
166	196
166	201
166	482
166	531
166	581
166	588
167	168
167	171
167	174
167	180
167	184
167	190
167	197
167	211
167	224
167	230
167	232
167	511
167	525
167	561
168	178
168	185
168	196
168	202
168	213
168	223
168	227
168	232
168	234
168	236
168	481
168	523
169	172
169	173
169	181
169	182
169	187
169	188
169	198
169	199
169	204
169	209
169	220
169	221
169	224
169	229
169	238
169	492
169	493
169	500
169	513
169	566
169	586
170	173
170	174
170	176
170	177
170	179
170	185
170	210
170	211
170	236
170	587
171	194
171	196
171	197
171	211
171	220
171	225
172	180
172	181
172	186
172	188
172	190
172	192
172	203
172	207
172	213
172	220
172	224
172	232
172	491
172	492
172	599
173	180
173	184
173	192
173	205
173	208
173	230
173	237
173	547
173	559
173	565
173	571
174	188
174	189
174	190
174	197
174	203
174	209
174	215
174	229
174	232
174	514
174	522
174	536
175	177
175	178
175	184
175	187
175	189
175	198
175	207
175	211
175	212
175	216
175	218
175	224
175	226
175	227
175	238
175	499
175	537
176	186
176	190
176	191
176	209
176	212
176	216
176	221
176	225
176	233
176	236
176	237
176	487
176	492
176	505
176	542
176	543
176	598
177	183
177	184
177	190
177	195
177	196
177	199
177	206
177	207
177	209
177	217
177	220
177	222
177	231
177	235
177	505
177	570
177	587
177	599
178	201
178	209
178	222
178	230
178	233
178	234
178	515
179	188
179	190
179	192
179	195
179	213
179	221
179	224
179	549
180	191
180	198
180	205
180	216
180	218
180	233
180	532
180	544
180	572
181	188
181	194
181	197
181	214
181	220
181	223
181	224
181	230
181	238
181	523
181	571
182	184
182	192
182	200
182	213
182	216
182	218
182	224
182	238
182	501
182	554
182	583
183	184
183	189
183	192
183	194
183	200
183	209
183	210
183	216
183	220
183	223
183	224
183	225
183	529
183	564
184	185
184	192
184	210
184	220
184	228
184	233
184	237
184	493
184	498
184	595
185	206
185	210
185	213
185	222
185	225
185	228
185	520
185	565
186	191
186	199
186	205
186	232
186	233
186	505
186	512
186	535
186	543
186	573
186	590
187	192
187	197
187	213
187	215
187	218
187	219
187	226
187	237
187	519
187	542
187	555
187	566
187	588
188	189
188	190
188	191
188	192
188	201
188	214
188	219
188	224
188	229
188	493
188	511
188	512
188	520
188	529
189	192
189	204
189	214
189	222
189	227
189	231
189	232
189	234
189	481
189	522
189	569
189	591
189	596
190	192
190	196
190	207
190	221
190	230
190	233
190	502
191	195
191	197
191	200
191	201
191	211
191	213
191	215
191	225
191	229
191	230
191	234
191	485
191	493
191	578
192	214
192	217
192	220
192	224
192	524
192	538
192	559
192	560
193	195
193	199
193	201
193	210
193	218
193	225
193	228
193	499
193	502
193	572
193	579
193	583
193	589
194	199
194	200
194	201
194	206
194	207
194	212
194	215
194	217
194	219
194	222
194	226
194	230
194	237
194	555
195	201
195	216
195	225
195	232
195	538
195	556
195	563
196	197
196	210
196	216
196	218
196	225
196	228
196	231
196	531
196	559
197	202
197	218
197	234
197	497
197	513
197	542
197	569
197	581
197	591
198	210
198	217
198	221
198	224
198	237
198	488
198	494
198	554
198	556
198	558
198	575
198	580
198	595
199	211
199	216
199	221
199	222
199	236
199	237
199	239
199	561
199	582
199	583
199	591
200	201
200	210
200	219
200	223
200	226
200	228
200	238
200	494
200	499
200	546
200	580
200	590
201	202
201	218
201	219
201	229
201	230
201	575
202	208
202	229
202	237
202	482
202	508
202	515
202	530
202	598
203	205
203	207
203	209
203	212
203	215
203	216
203	220
203	224
203	228
203	235
203	589
204	205
204	206
204	208
204	209
204	214
204	220
204	223
204	237
204	238
204	524
204	558
205	212
205	219
205	502
205	520
205	571
206	208
206	211
206	218
206	219
206	220
206	223
206	235
206	532
207	209
207	213
207	214
207	220
207	221
207	227
207	229
207	234
207	239
208	214
208	216
208	224
208	237
208	485
208	494
208	502
209	214
209	219
209	222
209	224
209	488
209	499
209	563
209	585
209	593
209	598
210	214
210	220
210	226
210	228
210	236
210	490
210	494
210	516
210	552
210	574
210	599
211	213
211	218
211	221
211	222
211	224
211	231
211	237
211	493
211	506
211	516
211	517
212	220
212	225
212	227
212	231
212	232
212	499
212	517
212	522
212	544
213	215
213	220
213	221
213	504
214	218
214	222
214	225
214	226
214	234
214	235
214	238
214	506
215	218
215	226
215	228
215	239
215	485
215	517
215	560
215	569
216	221
216	227
216	228
216	515
216	544
217	220
217	222
217	226
217	229
217	235
217	494
217	505
217	514
217	552
217	578
218	227
218	231
218	233
218	237
218	239
218	486
218	496
218	512
218	525
218	566
218	576
218	597
219	233
219	239
219	516
219	530
219	557
219	588
220	224
220	239
220	486
220	546
220	577
221	226
221	228
221	229
221	234
221	545
221	562
222	223
222	224
222	232
222	234
222	236
222	237
222	495
222	501
223	225
223	226
223	229
223	233
223	481
223	540
223	550
223	577
224	228
224	231
224	233
224	494
224	539
224	540
224	548
224	550
224	558
225	231
225	239
225	481
225	531
225	572
225	585
225	588
225	591
226	227
226	228
226	235
226	513
226	555
226	566
227	495
227	525
227	593
228	237
228	560
229	232
229	235
229	239
229	494
230	231
230	232
230	593
231	599
232	233
232	510
232	554
233	234
233	553
233	589
234	502
235	236
235	238
235	524
235	531
235	552
235	575
236	239
236	508
236	540
236	550
236	564
236	573
237	555
237	561
237	574
237	578
237	593
238	511
238	537
238	570
239	501
239	543
239	551
239	569
239	581
239	585
239	590
239	594
240	259
240	260
240	263
240	272
240	277
240	278
240	293
240	314
240	317
240	320
240	321
240	322
240	328
240	338
240	347
240	359
240	458
240	466
240	468
240	566
240	598
241	245
241	252
241	258
241	263
241	278
241	287
241	291
241	300
241	302
241	319
241	324
241	326
241	331
241	336
241	352
241	413
241	434
241	451
242	246
242	259
242	263
242	266
242	270
242	272
242	273
242	282
242	284
242	287
242	288
242	295
242	303
242	305
242	314
242	320
242	328
242	343
242	345
242	347
242	348
242	352
242	397
242	430
243	246
243	247
243	279
243	282
243	300
243	301
243	306
243	313
243	343
243	350
243	351
243	353
243	357
243	358
243	364
243	375
243	393
243	468
243	469
244	263
244	290
244	295
244	301
244	304
244	306
244	307
244	308
244	311
244	328
244	331
244	337
244	343
244	350
244	372
244	386
244	449
244	462
244	566
245	247
245	256
245	257
245	263
245	265
245	268
245	280
245	288
245	292
245	295
245	309
245	312
245	315
245	321
245	330
245	331
245	333
245	340
245	351
245	359
245	360
245	386
245	451
245	455
245	464
245	503
246	268
246	277
246	279
246	284
246	286
246	287
246	288
246	290
246	291
246	301
246	307
246	328
246	336
246	340
246	354
246	358
246	381
246	393
246	475
247	250
247	258
247	259
247	267
247	277
247	280
247	284
247	287
247	288
247	289
247	301
247	303
247	306
247	316
247	334
247	341
247	352
247	380
247	389
247	467
247	556
248	253
248	255
248	262
248	265
248	268
248	270
248	276
248	283
248	295
248	297
248	303
248	304
248	335
248	340
248	346
248	350
248	359
248	473
248	547
249	268
249	272
249	274
249	285
249	309
249	318
249	343
249	348
249	352
249	354
249	356
249	367
249	384
249	442
249	450
249	459
250	262
250	268
250	270
250	279
250	280
250	286
250	289
250	295
250	300
250	305
250	312
250	321
250	323
250	325
250	327
250	330
250	387
250	412
250	418
250	442
250	557
251	257
251	259
251	260
251	267
251	276
251	278
251	283
251	290
251	291
251	292
251	300
251	311
251	317
251	319
251	326
251	329
251	339
251	346
251	351
251	372
251	451
251	469
252	259
252	264
252	279
252	282
252	285
252	294
252	307
252	316
252	330
252	341
252	343
252	353
252	372
252	410
252	458
253	254
253	255
253	258
253	263
253	269
253	295
253	296
253	302
253	307
253	308
253	313
253	320
253	323
253	341
253	345
253	356
253	359
253	367
253	375
253	383
253	528
254	258
254	263
254	265
254	270
254	271
254	273
254	277
254	278
254	284
254	296
254	304
254	305
254	309
254	310
254	316
254	319
254	322
254	333
254	337
254	345
254	354
254	357
254	358
254	360
254	398
254	399
254	406
254	429
254	522
255	256
255	267
255	270
255	283
255	286
255	288
255	291
255	300
255	307
255	311
255	334
255	335
255	344
255	345
255	346
255	348
255	355
255	362
255	412
255	538
255	541
256	262
256	267
256	269
256	278
256	284
256	287
256	293
256	304
256	305
256	308
256	309
256	316
256	336
256	351
256	391
256	392
256	420
256	462
256	589
257	259
257	263
257	275
257	286
257	290
257	291
257	297
257	299
257	302
257	304
257	305
257	307
257	309
257	316
258	260
258	263
258	282
258	291
258	300
258	324
258	325
258	328
258	333
258	343
258	350
258	359
258	392
258	467
258	544
258	552
259	269
259	279
259	286
259	297
259	298
259	300
259	313
259	317
259	332
259	345
259	406
259	461
259	473
260	262
260	265
260	267
260	273
260	279
260	286
260	291
260	299
260	305
260	322
260	325
260	330
260	334
260	337
260	339
260	343
260	344
260	347
260	352
260	355
260	462
261	262
261	271
261	272
261	276
261	290
261	293
261	299
261	302
261	319
261	322
261	331
261	341
261	343
261	353
261	356
261	357
261	358
261	393
261	402
261	410
261	412
261	442
261	453
261	456
261	460
261	492
261	499
261	506
262	265
262	271
262	277
262	284
262	288
262	299
262	302
262	303
262	316
262	323
262	329
262	331
262	334
262	336
262	341
262	342
262	392
262	404
262	500
263	268
263	275
263	287
263	293
263	301
263	328
263	329
263	332
263	345
263	360
263	364
263	451
263	466
263	478
264	275
264	279
264	289
264	296
264	297
264	307
264	316
264	317
264	320
264	329
264	335
264	340
264	342
264	345
264	348
264	349
264	352
264	357
264	359
264	363
264	373
264	437
264	551
264	596
265	267
265	287
265	295
265	302
265	331
265	333
265	335
265	341
265	348
265	353
265	391
265	401
266	276
266	278
266	284
266	294
266	314
266	321
266	322
266	323
266	326
266	342
266	346
266	353
266	354
266	357
266	359
266	374
266	467
266	585
267	269
267	270
267	274
267	279
267	280
267	298
267	313
267	317
267	323
267	326
267	330
267	333
267	337
267	339
267	340
267	351
267	354
267	357
267	359
267	388
268	270
268	272
268	277
268	278
268	284
268	290
268	304
268	318
268	321
268	327
268	328
268	332
268	344
268	359
268	383
268	423
268	428
268	466
268	477
268	513
269	279
269	289
269	295
269	296
269	299
269	301
269	304
269	305
269	316
269	318
269	324
269	327
269	339
269	340
269	341
269	344
269	347
269	356
269	369
269	464
270	275
270	286
270	292
270	293
270	302
270	318
270	323
270	334
270	339
270	343
270	350
270	357
270	358
270	359
270	444
270	468
270	586
271	272
271	290
271	291
271	295
271	301
271	311
271	317
271	318
271	323
271	329
271	333
271	339
271	343
271	346
271	362
271	435
271	465
271	469
272	274
272	275
272	282
272	294
272	296
272	299
272	347
272	350
272	351
273	284
273	293
273	301
273	304
273	306
273	307
273	319
273	324
273	339
273	346
273	349
273	358
273	371
273	431
273	441
273	534
274	277
274	288
274	290
274	293
274	308
274	317
274	339
274	348
274	353
274	356
274	359
274	375
274	406
274	408
274	412
274	422
274	451
274	460
275	278
275	279
275	280
275	284
275	285
275	287
275	293
275	295
275	303
275	308
275	312
275	313
275	316
275	321
275	331
275	339
275	345
275	350
275	358
275	376
275	522
275	538
276	277
276	280
276	285
276	295
276	296
276	301
276	303
276	314
276	318
276	319
276	321
276	329
276	340
276	342
276	353
276	358
276	379
276	421
276	432
276	434
276	456
276	471
276	532
277	284
277	287
277	305
277	311
277	317
277	320
277	331
277	341
277	342
277	343
277	349
277	376
277	390
277	435
277	464
277	468
277	530
277	554
278	281
278	287
278	291
278	310
278	318
278	334
278	418
278	454
278	468
278	595
279	286
279	291
279	293
279	295
279	304
279	307
279	319
279	327
279	331
279	332
279	343
279	390
279	393
280	295
280	297
280	300
280	315
280	317
280	320
280	321
280	322
280	326
280	333
280	335
280	341
280	351
280	352
280	355
280	399
280	426
280	459
280	467
280	469
280	507
281	282
281	298
281	305
281	307
281	309
281	311
281	315
281	325
281	327
281	328
281	332
281	337
281	338
281	349
281	351
281	355
281	375
281	442
281	532
282	306
282	316
282	323
282	325
282	335
282	336
282	346
282	352
282	357
282	358
282	361
282	368
282	381
282	446
282	455
282	597
283	284
283	289
283	291
283	299
283	303
283	308
283	311
283	313
283	315
283	316
283	322
283	329
283	339
283	344
283	347
283	359
283	369
283	426
283	468
283	550
283	580
284	295
284	296
284	297
284	300
284	312
284	316
284	321
284	325
284	345
284	348
284	350
284	355
284	364
284	408
284	410
284	436
284	452
284	468
284	494
284	560
285	287
285	290
285	295
285	296
285	300
285	304
285	305
285	306
285	313
285	334
285	340
285	342
285	346
285	347
285	348
285	355
285	358
285	461
285	515
286	289
286	299
286	302
286	309
286	333
286	334
286	336
286	341
286	344
286	346
286	349
286	353
286	356
286	378
286	399
286	412
286	414
286	446
286	448
286	452
286	473
287	290
287	291
287	292
287	294
287	300
287	301
287	314
287	323
287	330
287	332
287	335
287	341
287	345
287	353
287	412
288	292
288	300
288	301
288	304
288	306
288	313
288	321
288	324
288	334
288	338
288	342
288	415
288	424
288	462
288	490
289	290
289	292
289	295
289	300
289	301
289	314
289	318
289	334
289	340
289	343
289	345
289	346
289	348
289	350
289	357
289	358
289	369
289	384
289	450
289	458
289	571
289	574
290	294
290	300
290	310
290	315
290	335
290	336
290	342
290	365
290	368
290	382
290	400
290	421
290	429
291	298
291	302
291	334
291	342
291	343
291	345
291	348
291	388
291	449
291	451
291	558
292	302
292	306
292	307
292	309
292	313
292	321
292	323
292	326
292	327
292	332
292	335
292	337
292	338
292	343
292	346
292	352
292	353
292	356
292	375
292	452
292	479
292	564
292	596
293	297
293	308
293	311
293	312
293	316
293	322
293	326
293	329
293	332
293	337
293	341
293	345
293	461
293	480
294	296
294	298
294	314
294	315
294	323
294	324
294	342
294	344
294	346
294	351
294	383
294	416
294	427
295	296
295	297
295	307
295	326
295	329
295	331
295	334
295	335
295	338
295	339
295	340
295	342
295	343
295	347
295	351
295	354
295	357
295	418
295	453
296	323
296	326
296	333
296	339
296	342
296	343
296	344
296	349
296	351
296	354
296	366
296	412
296	427
296	447
296	465
296	599
297	298
297	299
297	303
297	314
297	319
297	323
297	331
297	341
297	352
297	355
297	371
297	373
297	374
297	376
297	382
297	392
297	404
297	412
297	415
297	583
298	299
298	310
298	312
298	313
298	323
298	334
298	341
298	342
298	348
298	358
298	370
298	394
298	433
299	305
299	306
299	316
299	326
299	337
299	339
299	344
299	347
299	348
299	352
299	372
299	374
299	399
299	452
300	315
300	323
300	342
300	374
300	417
300	421
300	435
300	444
300	458
300	470
301	305
301	306
301	307
301	309
301	313
301	314
301	318
301	330
301	332
301	342
301	344
301	349
301	352
301	353
301	355
301	442
301	504
302	310
302	314
302	315
302	320
302	346
302	348
302	351
302	383
302	392
302	395
302	446
302	460
303	304
303	306
303	307
303	309
303	312
303	313
303	324
303	330
303	334
303	347
303	383
303	435
304	316
304	333
304	334
304	346
304	358
304	374
304	411
304	421
304	440
305	306
305	316
305	326
305	330
305	338
305	348
305	352
305	357
305	359
305	386
305	455
305	468
305	480
305	482
306	310
306	312
306	315
306	322
306	323
306	326
306	327
306	329
306	332
306	344
306	349
306	357
306	377
306	413
306	438
306	503
307	311
307	313
307	342
307	343
307	344
307	359
307	415
307	453
307	459
307	461
307	502
308	328
308	343
308	355
308	357
308	359
308	380
308	434
308	497
308	585
309	313
309	315
309	321
309	322
309	327
309	336
309	338
309	342
309	374
309	377
309	381
309	431
309	440
309	515
309	559
310	311
310	312
310	313
310	323
310	326
310	333
310	336
310	351
310	427
310	466
310	525
310	558
311	324
311	330
311	332
311	338
311	342
311	354
311	355
311	395
311	402
311	417
311	491
312	321
312	323
312	327
312	329
312	340
312	343
312	347
312	353
312	421
312	458
313	314
313	321
313	327
313	338
313	348
313	355
313	458
313	462
313	553
314	318
314	324
314	330
314	332
314	333
314	335
314	341
314	347
314	408
314	423
314	438
314	440
314	477
314	541
315	317
315	322
315	327
315	328
315	329
315	334
315	347
315	352
315	354
315	359
315	560
316	323
316	330
316	335
316	339
316	344
316	352
316	356
316	358
316	370
316	377
316	492
316	511
317	324
317	330
317	331
317	332
317	333
317	335
317	344
317	345
317	347
317	357
317	367
317	376
317	381
317	417
317	428
317	504
317	528
318	320
318	327
318	329
318	330
318	335
318	342
318	355
318	399
318	407
319	321
319	324
319	325
319	328
319	332
319	344
319	350
319	351
319	368
319	372
319	374
319	384
319	394
319	417
319	447
319	533
320	321
320	330
320	333
320	334
320	335
320	344
320	345
320	346
320	348
320	350
320	363
320	411
320	424
320	440
320	443
320	590
321	326
321	327
321	333
321	337
321	338
321	350
321	354
321	394
321	409
321	442
321	467
321	470
322	328
322	329
322	331
322	340
322	341
322	361
323	327
323	331
323	339
323	342
323	348
323	357
323	371
323	395
324	329
324	342
324	345
324	348
324	351
324	352
324	363
325	326
325	329
325	332
325	340
325	344
325	352
325	356
325	357
325	358
325	440
325	448
326	328
326	338
326	347
326	354
326	355
326	421
326	457
326	566
326	589
327	350
327	359
327	410
327	593
328	333
328	336
328	342
328	344
328	349
328	359
328	364
328	367
328	372
328	451
328	461
328	515
329	330
329	344
329	346
329	348
329	354
329	368
330	334
330	337
330	340
330	344
330	345
330	356
330	362
330	457
330	474
331	332
331	337
331	340
331	341
331	344
331	348
331	359
331	369
331	463
331	545
331	577
332	339
332	343
332	348
332	354
332	355
332	358
332	413
332	443
332	453
333	341
333	343
333	351
333	352
333	374
333	407
333	418
333	437
333	448
333	468
334	338
334	350
334	391
334	431
334	433
334	509
335	408
335	411
335	425
335	475
336	345
336	355
336	356
336	357
336	376
336	422
337	342
337	344
337	354
337	407
337	415
337	418
337	428
337	455
337	557
338	340
338	342
338	354
338	356
338	380
338	399
338	458
339	342
339	344
339	347
339	353
339	358
339	371
339	392
339	393
339	590
340	345
340	351
340	352
340	359
340	360
340	363
340	432
340	433
340	461
341	348
341	358
341	367
341	369
341	388
341	426
341	427
341	431
341	440
341	457
341	491
341	519
341	542
342	347
342	348
342	350
342	352
342	358
342	360
342	369
342	398
342	414
342	421
342	429
342	451
342	453
342	455
343	345
343	355
343	402
343	449
343	454
343	485
344	353
344	357
344	359
344	375
344	432
344	460
345	350
345	351
345	465
345	597
346	348
346	352
346	354
346	395
346	474
346	582
347	478
347	541
347	595
348	350
348	357
348	375
348	388
348	408
348	409
348	428
348	429
348	451
348	465
348	478
348	496
348	598
349	351
349	354
349	365
349	598
350	352
350	389
350	424
350	468
350	497
350	538
350	597
351	356
351	359
351	384
351	392
351	457
351	538
351	583
352	357
352	367
352	378
352	433
353	358
353	406
354	358
354	367
354	407
354	457
354	463
354	569
355	367
355	438
355	443
355	452
356	402
357	397
357	405
358	380
358	481
358	534
358	541
359	381
359	467
360	364
360	368
360	369
360	378
360	381
360	384
360	391
360	395
360	398
360	400
360	402
360	427
360	428
360	429
360	436
360	459
360	461
360	464
360	465
360	474
360	476
360	501
360	536
360	561
361	368
361	372
361	393
361	395
361	399
361	400
361	402
361	417
361	419
361	430
361	443
361	470
361	473
361	478
361	479
361	553
362	367
362	371
362	377
362	382
362	385
362	388
362	396
362	402
362	409
362	423
362	424
362	427
362	459
362	460
362	467
362	473
363	365
363	372
363	374
363	380
363	381
363	382
363	386
363	407
363	416
363	417
363	418
363	424
363	429
363	436
363	440
363	457
363	462
363	469
363	472
363	477
363	479
364	370
364	374
364	385
364	388
364	405
364	417
364	419
364	426
364	458
364	459
364	460
364	462
364	469
364	470
364	550
364	575
365	369
365	372
365	373
365	383
365	393
365	401
365	406
365	411
365	415
365	417
365	418
365	423
365	427
365	430
365	449
365	450
365	466
365	469
365	471
365	472
366	367
366	370
366	371
366	396
366	403
366	404
366	416
366	424
366	425
366	433
366	435
366	449
366	451
366	456
366	462
366	469
366	470
366	473
366	564
367	381
367	385
367	393
367	396
367	398
367	399
367	400
367	402
367	403
367	409
367	411
367	413
367	415
367	426
367	431
367	435
367	441
367	447
367	450
367	459
367	462
367	464
367	472
367	473
367	476
367	478
367	486
367	530
367	542
368	369
368	374
368	378
368	389
368	395
368	396
368	417
368	422
368	427
368	428
368	430
368	443
368	445
368	459
368	460
368	472
368	474
369	374
369	379
369	390
369	394
369	403
369	407
369	413
369	415
369	422
369	427
369	431
369	444
369	450
369	453
369	454
369	466
369	472
369	478
369	567
370	378
370	384
370	401
370	410
370	416
370	420
370	430
370	458
370	460
370	462
370	465
370	469
370	472
370	474
371	373
371	380
371	392
371	393
371	403
371	418
371	420
371	427
371	433
371	440
371	446
371	450
371	453
371	460
371	466
371	471
371	475
371	478
372	398
372	408
372	409
372	413
372	417
372	427
372	438
372	446
372	451
372	453
372	459
372	462
372	465
372	466
372	475
372	478
373	378
373	389
373	390
373	394
373	405
373	416
373	418
373	425
373	452
373	454
373	458
373	478
374	377
374	379
374	383
374	384
374	386
374	421
374	422
374	423
374	426
374	430
374	438
374	439
374	441
374	451
374	454
374	466
374	472
374	534
375	379
375	380
375	395
375	397
375	402
375	403
375	408
375	409
375	415
375	421
375	432
375	434
375	444
375	445
375	447
375	462
375	470
375	473
375	474
375	475
375	477
376	377
376	378
376	407
376	417
376	422
376	424
376	428
376	430
376	433
376	440
376	442
376	443
376	454
376	457
376	465
376	476
376	585
377	382
377	397
377	401
377	404
377	407
377	417
377	421
377	424
377	442
377	445
377	452
377	458
377	464
377	466
377	468
377	473
377	477
377	509
377	539
378	387
378	388
378	401
378	420
378	427
378	430
378	434
378	435
378	436
378	438
378	451
378	452
378	458
378	460
378	462
378	473
378	481
378	482
378	499
378	569
379	385
379	389
379	391
379	392
379	408
379	411
379	422
379	426
379	433
379	434
379	435
379	440
379	445
379	446
379	457
379	471
379	472
379	473
379	552
379	553
380	384
380	388
380	399
380	402
380	409
380	414
380	416
380	428
380	430
380	435
380	437
380	445
380	452
380	461
380	467
380	471
380	479
381	384
381	387
381	390
381	392
381	432
381	433
381	444
381	445
381	446
381	450
381	454
381	457
381	465
381	474
382	385
382	397
382	399
382	401
382	405
382	409
382	413
382	430
382	437
382	442
382	447
382	448
382	452
382	458
382	459
382	461
382	462
382	465
382	472
382	473
382	478
382	537
383	397
383	404
383	407
383	431
383	435
383	438
383	439
383	447
383	451
383	457
383	458
383	462
383	469
383	509
384	386
384	400
384	402
384	412
384	415
384	422
384	433
384	436
384	438
384	451
384	455
384	456
384	457
384	460
384	463
384	467
384	474
384	476
384	479
384	551
385	389
385	402
385	425
385	435
385	436
385	437
385	438
385	447
385	451
385	453
385	455
385	459
385	461
385	467
385	468
385	476
385	479
386	403
386	411
386	413
386	417
386	425
386	429
386	439
386	441
386	442
386	455
386	461
386	468
386	474
386	479
386	547
387	388
387	393
387	402
387	406
387	408
387	422
387	427
387	430
387	434
387	444
387	450
387	451
387	474
387	476
387	477
387	479
387	579
388	390
388	402
388	406
388	412
388	416
388	417
388	418
388	422
388	427
388	432
388	436
388	450
388	461
388	477
388	514
389	403
389	409
389	416
389	429
389	434
389	436
389	446
389	461
389	462
389	468
389	471
389	473
390	391
390	393
390	398
390	402
390	408
390	420
390	427
390	431
390	432
390	434
390	445
390	453
390	457
390	458
390	470
390	477
390	479
391	396
391	398
391	403
391	404
391	407
391	411
391	429
391	458
391	463
392	394
392	395
392	397
392	414
392	416
392	420
392	427
392	434
392	441
392	446
392	453
392	457
392	528
392	595
393	397
393	398
393	402
393	408
393	409
393	415
393	427
393	432
393	437
393	442
393	446
393	469
393	475
394	400
394	409
394	413
394	431
394	442
394	444
394	453
394	462
394	463
394	472
394	474
394	477
395	405
395	416
395	430
395	431
395	455
395	456
395	470
395	472
395	474
395	475
396	402
396	406
396	408
396	427
396	430
396	447
396	448
396	449
396	451
396	478
397	400
397	423
397	426
397	431
397	438
397	444
397	464
397	471
397	475
397	477
398	419
398	420
398	424
398	425
398	433
398	435
398	439
398	448
398	470
398	477
398	479
399	420
399	425
399	437
399	440
399	441
399	448
399	452
399	453
399	454
399	464
399	472
399	475
399	477
399	478
399	479
400	407
400	408
400	410
400	413
400	415
400	431
400	432
400	437
400	438
400	440
400	441
400	452
400	461
400	474
401	405
401	416
401	423
401	427
401	445
401	454
401	455
401	462
401	463
401	470
401	474
401	479
401	510
401	524
402	404
402	408
402	424
402	427
402	431
402	435
402	440
402	454
402	464
402	473
402	528
403	414
403	424
403	427
403	431
403	433
403	439
403	441
403	445
403	453
403	458
403	459
403	464
403	473
403	476
403	477
404	408
404	411
404	413
404	419
404	422
404	423
404	425
404	426
404	428
404	431
404	442
404	448
404	467
404	470
404	473
404	553
405	416
405	420
405	424
405	434
405	443
405	448
405	449
405	462
405	466
405	467
405	469
405	474
405	501
405	520
406	409
406	410
406	412
406	416
406	430
406	444
406	450
406	452
406	454
406	467
406	472
407	411
407	420
407	430
407	432
407	435
407	441
407	444
407	455
407	456
407	479
408	411
408	414
408	421
408	425
408	428
408	432
408	441
408	444
408	462
408	475
408	477
408	478
408	480
408	485
408	546
409	427
409	433
409	440
409	448
409	449
409	455
409	457
409	471
410	411
410	413
410	415
410	418
410	419
410	420
410	432
410	436
410	452
410	454
410	461
410	473
411	412
411	424
411	425
411	435
411	439
411	441
411	443
411	444
411	451
411	458
411	466
411	468
412	427
412	430
412	434
412	440
412	442
412	444
412	445
412	452
412	462
412	469
412	472
412	479
413	415
413	420
413	424
413	427
413	434
413	436
413	437
413	438
413	442
413	446
413	447
413	456
413	469
413	470
413	473
413	479
413	530
414	428
414	438
414	443
414	448
414	452
414	453
414	464
414	466
414	467
414	469
414	471
414	489
414	538
414	593
415	416
415	420
415	423
415	427
415	452
415	459
415	465
415	470
415	471
415	472
416	422
416	427
416	430
416	432
416	442
416	445
416	449
416	453
416	470
416	476
417	421
417	430
417	450
417	454
417	467
417	582
417	587
418	425
418	427
418	428
418	439
418	442
418	448
418	468
418	469
418	473
418	475
418	479
418	524
419	436
419	445
419	450
419	452
419	459
419	475
419	478
419	496
420	425
420	435
420	446
420	458
421	428
421	429
421	438
421	441
421	442
421	457
421	459
421	479
421	540
422	427
422	431
422	433
422	447
422	448
422	450
422	454
422	464
422	468
423	432
423	433
423	435
423	436
423	439
423	448
423	450
423	453
423	470
423	475
423	478
424	428
424	432
424	433
424	435
424	437
424	438
424	439
424	443
424	445
424	447
424	448
424	452
424	455
424	463
424	465
424	468
424	470
424	471
424	473
424	476
424	477
425	427
425	431
425	432
425	437
425	439
425	448
425	450
425	451
425	456
425	461
425	463
425	467
425	472
425	501
425	581
426	441
426	442
426	445
426	449
426	467
426	469
426	478
426	527
426	563
426	598
427	431
427	438
427	444
427	445
427	448
427	456
427	459
427	462
427	466
427	472
428	435
428	438
428	466
429	431
429	435
429	447
429	449
429	453
429	461
429	468
429	469
429	478
429	479
430	436
430	446
430	448
430	452
430	455
430	469
430	473
430	474
430	519
430	565
431	434
431	440
431	442
431	444
431	446
431	450
431	459
431	552
432	441
432	446
432	448
432	452
432	456
432	476
432	551
433	439
433	453
433	461
433	475
433	476
433	479
433	520
434	437
434	448
434	456
434	459
434	464
434	469
434	478
434	508
434	521
435	441
435	447
435	448
435	450
435	452
435	467
435	470
435	572
435	585
436	445
436	458
436	461
436	470
436	475
436	478
436	489
437	439
437	440
437	444
437	445
437	449
437	450
437	453
437	454
437	461
437	463
437	471
437	473
437	475
437	478
437	479
437	492
437	510
438	442
438	445
438	446
438	456
438	458
438	465
438	548
439	464
439	472
439	480
440	447
440	455
440	462
440	470
440	476
441	442
441	445
441	452
441	454
441	458
441	460
441	461
441	471
441	473
441	476
441	479
441	495
441	502
441	512
441	548
442	450
442	455
442	459
442	463
442	469
442	547
443	447
443	454
443	458
443	475
444	479
445	451
445	459
445	468
445	469
445	473
445	477
445	536
445	594
446	459
446	468
447	451
447	458
447	466
447	468
447	470
447	471
447	473
447	530
447	545
448	451
448	453
448	456
448	469
448	473
448	474
448	571
449	456
449	459
449	461
449	464
449	472
449	478
449	536
449	598
450	453
450	456
450	475
451	455
451	467
451	472
451	480
451	499
451	504
451	539
452	473
452	477
452	511
453	470
453	471
453	472
453	475
453	546
453	548
453	556
454	458
454	464
454	465
454	475
454	578
455	458
455	469
455	471
456	458
456	461
456	465
456	467
456	476
456	479
457	458
457	463
457	466
457	468
458	461
458	468
459	463
459	465
459	469
459	474
459	593
460	466
460	468
460	469
460	476
460	478
460	479
460	549
461	462
461	466
461	468
461	469
461	470
462	479
463	475
463	560
464	468
464	469
464	471
464	476
465	468
465	472
465	475
466	476
466	479
467	475
467	479
468	477
468	593
469	476
469	522
470	477
471	473
471	479
472	479
472	544
472	572
473	477
473	502
474	477
474	478
474	596
475	538
478	479
478	494
479	543
480	484
480	489
480	505
480	512
480	514
480	520
480	529
480	534
480	535
480	540
480	552
480	560
480	568
480	571
480	573
480	593
480	594
481	484
481	502
481	507
481	509
481	516
481	521
481	525
481	526
481	528
481	534
481	550
481	555
481	558
481	561
481	579
481	580
481	587
481	590
481	598
481	599
482	484
482	487
482	492
482	500
482	503
482	517
482	521
482	525
482	526
482	528
482	530
482	531
482	532
482	533
482	534
482	537
482	545
482	546
482	549
482	562
482	570
482	572
482	587
482	591
482	594
482	596
483	490
483	496
483	512
483	519
483	527
483	542
483	543
483	547
483	559
483	561
483	581
483	584
483	585
483	596
483	599
484	487
484	488
484	491
484	493
484	507
484	518
484	533
484	539
484	545
484	552
484	556
484	557
484	563
484	569
484	570
484	573
484	577
484	578
484	579
484	580
484	590
484	593
485	489
485	492
485	498
485	499
485	504
485	505
485	508
485	517
485	538
485	546
485	555
485	557
485	559
485	562
485	563
485	568
485	571
485	575
485	580
485	583
486	487
486	494
486	495
486	512
486	523
486	527
486	537
486	571
486	588
486	590
486	591
487	490
487	502
487	506
487	512
487	513
487	525
487	526
487	537
487	543
487	544
487	547
487	548
487	554
487	560
487	562
487	564
487	575
487	576
487	578
487	584
487	590
487	599
488	498
488	501
488	506
488	512
488	521
488	534
488	535
488	539
488	557
488	567
488	570
488	578
488	582
488	589
488	593
488	599
489	493
489	506
489	510
489	512
489	521
489	525
489	538
489	545
489	548
489	552
489	573
489	574
489	584
489	589
490	492
490	494
490	498
490	506
490	520
490	531
490	539
490	543
490	555
490	558
490	562
490	564
490	573
490	574
490	577
490	579
490	582
490	585
490	595
491	492
491	493
491	496
491	502
491	504
491	505
491	517
491	518
491	528
491	546
491	548
491	550
491	552
491	556
491	557
491	563
491	566
491	596
492	494
492	497
492	508
492	514
492	528
492	546
492	564
492	565
492	566
492	567
492	572
492	578
492	584
492	586
492	587
492	594
492	599
493	499
493	505
493	506
493	508
493	511
493	517
493	526
493	528
493	532
493	535
493	541
493	553
493	558
493	565
493	570
493	591
493	593
493	597
494	499
494	510
494	512
494	518
494	524
494	536
494	538
494	548
494	556
494	571
494	588
494	590
494	594
495	496
495	498
495	504
495	505
495	513
495	520
495	523
495	526
495	536
495	539
495	540
495	541
495	546
495	551
495	552
495	558
495	560
495	570
495	571
495	581
495	589
495	592
495	593
496	513
496	519
496	524
496	529
496	533
496	541
496	549
496	551
496	554
496	557
496	566
496	588
496	594
497	510
497	513
497	515
497	516
497	520
497	524
497	526
497	538
497	547
497	561
497	578
497	588
497	591
497	594
497	596
497	599
498	499
498	516
498	536
498	544
498	545
498	555
498	566
498	567
498	576
498	585
498	587
498	589
498	596
499	514
499	516
499	518
499	526
499	528
499	533
499	535
499	536
499	537
499	538
499	551
499	555
499	558
499	565
499	570
499	572
499	576
499	583
499	588
499	594
500	507
500	511
500	512
500	525
500	528
500	534
500	537
500	538
500	543
500	552
500	574
500	576
500	581
500	587
500	593
500	599
501	504
501	517
501	519
501	520
501	529
501	538
501	551
501	557
501	558
501	573
501	577
501	579
501	585
501	586
501	589
501	590
502	506
502	513
502	524
502	525
502	526
502	543
502	545
502	560
502	570
502	580
502	591
502	593
503	504
503	517
503	526
503	530
503	532
503	536
503	537
503	540
503	548
503	551
503	556
503	558
503	564
503	573
503	577
503	590
503	594
504	507
504	513
504	514
504	515
504	517
504	519
504	534
504	540
504	555
504	564
504	567
504	572
504	580
505	519
505	523
505	529
505	531
505	534
505	535
505	537
505	543
505	556
505	558
505	565
505	568
505	574
505	582
505	587
505	589
505	597
505	599
506	513
506	516
506	517
506	527
506	529
506	531
506	534
506	536
506	537
506	538
506	552
506	555
506	558
506	559
506	563
506	576
506	585
506	589
506	596
506	598
507	508
507	513
507	514
507	517
507	530
507	535
507	539
507	553
507	561
507	567
507	571
507	572
507	576
507	578
507	579
507	583
507	597
507	599
508	525
508	529
508	532
508	538
508	539
508	546
508	549
508	552
508	558
508	564
508	567
508	576
508	578
508	592
509	514
509	533
509	536
509	546
509	556
509	561
509	563
509	568
509	570
509	588
509	593
509	597
510	526
510	536
510	537
510	543
510	547
510	548
510	553
510	559
510	588
510	594
511	519
511	526
511	529
511	538
511	539
511	543
511	549
511	560
511	561
511	571
511	573
511	579
511	586
511	591
511	593
511	594
511	596
512	514
512	522
512	525
512	530
512	531
512	539
512	548
512	549
512	556
512	559
512	562
512	564
512	567
512	577
512	582
512	584
512	586
512	588
512	590
512	594
513	518
513	527
513	535
513	537
513	543
513	544
513	546
513	555
513	563
513	565
513	568
513	570
513	590
513	593
513	594
514	525
514	531
514	546
514	562
514	563
514	566
514	571
514	577
514	588
514	593
514	594
515	516
515	525
515	533
515	535
515	537
515	542
515	550
515	555
515	561
515	580
515	592
516	528
516	537
516	545
516	546
516	556
516	557
516	569
516	571
516	572
516	574
516	580
516	583
516	589
516	598
517	523
517	525
517	534
517	542
517	545
517	547
517	548
517	551
517	555
517	568
517	576
517	578
517	584
517	596
518	519
518	531
518	532
518	540
518	557
518	565
518	566
518	570
518	571
518	573
518	582
518	588
518	589
519	538
519	554
519	569
519	571
519	577
519	581
519	585
519	596
520	522
520	525
520	528
520	542
520	545
520	548
520	574
520	576
520	579
520	580
521	522
521	527
521	540
521	557
521	560
521	566
521	571
521	573
521	577
521	598
522	523
522	531
522	538
522	539
522	540
522	545
522	549
522	550
522	553
522	555
522	565
522	579
522	582
522	584
522	592
523	528
523	539
523	542
523	553
523	554
523	589
523	597
524	527
524	533
524	539
524	542
524	550
524	560
524	565
524	566
524	569
524	574
524	578
524	580
524	582
524	586
524	589
524	595
525	534
525	538
525	540
525	556
525	560
525	564
525	567
525	577
525	587
525	590
525	597
526	537
526	549
526	550
526	555
526	562
526	568
526	583
526	586
526	588
526	590
527	534
527	539
527	541
527	542
527	544
527	553
527	560
527	564
527	566
527	568
527	569
527	578
527	598
528	534
528	540
528	550
528	555
528	557
528	561
528	569
528	578
528	588
528	594
529	531
529	532
529	541
529	544
529	550
529	554
529	555
529	567
529	572
529	582
529	583
529	588
529	589
529	593
529	597
529	598
530	533
530	535
530	546
530	549
530	554
530	560
530	575
530	576
530	578
530	583
530	584
530	586
530	590
530	594
530	599
531	539
531	540
531	541
531	546
531	549
531	550
531	553
531	563
531	579
531	582
531	586
532	533
532	542
532	550
532	553
532	555
532	557
532	561
532	562
532	566
532	574
532	595
532	597
533	536
533	538
533	544
533	545
533	551
533	570
533	575
533	580
533	585
534	535
534	538
534	550
534	555
534	566
534	571
534	588
535	536
535	537
535	541
535	542
535	543
535	544
535	545
535	552
535	553
535	578
535	582
535	585
535	587
535	599
536	551
536	559
536	561
536	565
536	568
536	570
536	584
536	591
536	594
536	596
536	597
537	540
537	544
537	545
537	553
537	560
537	568
537	589
538	541
538	542
538	544
538	549
538	572
538	573
538	579
538	583
538	598
539	544
539	554
539	558
539	564
539	569
539	575
539	576
539	580
539	585
539	586
539	590
539	596
540	550
540	551
540	566
540	567
540	568
540	577
540	583
540	594
541	543
541	548
541	566
541	570
541	576
541	577
541	578
541	583
541	592
541	597
542	545
542	551
542	559
542	562
542	565
542	586
542	590
542	599
543	563
543	564
543	577
543	586
543	591
543	596
543	599
544	546
544	547
544	554
544	559
544	561
544	565
544	581
544	587
544	588
544	591
544	593
544	599
545	550
545	563
545	565
545	567
545	580
545	598
545	599
546	552
546	553
546	559
546	560
546	562
546	563
546	574
546	579
546	581
546	590
546	591
547	549
547	568
547	574
547	576
547	577
547	586
547	596
548	554
548	557
548	565
548	571
548	572
548	576
548	584
548	588
548	589
548	592
548	593
549	552
549	553
549	558
549	564
549	569
549	570
549	573
549	574
549	575
549	579
549	581
549	599
550	555
550	558
550	562
550	574
550	579
550	580
550	583
550	592
551	566
551	570
551	596
552	561
552	566
552	572
552	581
552	586
552	592
552	594
553	557
553	574
553	577
553	582
553	584
553	590
554	570
554	580
554	581
554	582
554	585
554	586
554	595
555	559
555	570
555	577
555	588
555	597
556	557
556	559
556	570
556	574
556	578
556	581
556	592
557	558
557	564
557	578
557	582
557	584
557	589
557	595
557	596
558	559
558	560
558	563
558	568
558	582
558	584
558	588
558	590
558	593
558	595
558	597
559	563
559	567
559	579
559	580
559	584
559	593
560	571
560	596
561	564
561	581
561	587
561	589
561	591
562	570
562	578
562	585
562	589
562	590
562	594
563	574
563	575
563	598
564	576
565	566
565	577
565	582
565	583
565	586
565	597
565	598
565	599
566	569
566	570
566	572
566	577
566	580
566	596
566	599
567	576
567	577
567	578
567	586
567	594
568	570
568	573
568	587
568	593
568	596
568	597
569	570
569	581
569	590
570	590
570	591
570	598
570	599
571	573
571	574
571	577
571	578
571	583
571	590
571	594
571	596
571	598
572	576
572	581
572	584
572	590
573	577
573	582
573	592
573	595
574	583
574	585
574	599
575	579
575	581
575	582
575	588
575	590
575	591
575	592
576	578
576	581
576	589
576	591
576	599
577	590
577	592
577	599
578	579
578	584
578	595
578	597
579	580
579	595
579	596
580	586
580	589
580	590
581	592
581	597
583	585
584	587
584	588
584	591
585	587
586	592
587	591
589	599
590	595
591	594
591	597
593	598
595	597
595	598
596	599
