# k = 5
# N = 600
# alpha = 5
# beta = 0.666666666667
# Qe = 0.4
#	FromNodeId	ToNodeId
0	3
0	14
0	25
0	29
0	35
0	43
0	45
0	57
0	58
0	70
0	89
0	98
0	105
0	109
0	113
0	114
0	115
0	117
0	236
0	491
0	511
1	4
1	13
1	31
1	32
1	34
1	36
1	45
1	52
1	58
1	62
1	68
1	71
1	74
1	82
1	88
1	92
1	94
1	97
1	98
1	112
1	117
1	178
1	514
1	516
1	532
1	542
1	575
1	583
2	16
2	26
2	28
2	37
2	47
2	54
2	55
2	64
2	68
2	71
2	78
2	80
2	83
2	86
2	88
2	92
2	93
2	94
2	100
2	105
2	108
2	109
2	111
2	112
2	158
2	213
2	310
2	558
3	4
3	15
3	21
3	34
3	40
3	57
3	75
3	83
3	84
3	88
3	91
3	96
3	100
3	107
3	109
3	110
3	123
3	138
3	171
3	181
3	202
3	218
3	227
3	235
3	236
3	523
3	577
4	13
4	16
4	29
4	38
4	42
4	61
4	63
4	67
4	68
4	70
4	72
4	74
4	89
4	101
4	104
4	106
4	107
4	110
4	114
4	148
4	198
4	231
4	487
4	548
4	568
4	584
5	10
5	13
5	14
5	16
5	17
5	19
5	21
5	24
5	29
5	30
5	32
5	38
5	39
5	47
5	56
5	60
5	66
5	70
5	72
5	74
5	87
5	91
5	95
5	99
5	108
5	109
5	112
5	118
5	567
5	571
5	574
5	586
6	8
6	22
6	25
6	27
6	28
6	36
6	46
6	48
6	53
6	57
6	58
6	64
6	69
6	72
6	73
6	76
6	80
6	87
6	96
6	101
6	107
6	108
6	112
6	113
6	117
6	123
6	151
6	164
6	220
6	490
6	506
6	529
6	536
6	567
7	9
7	10
7	16
7	18
7	19
7	23
7	31
7	35
7	36
7	37
7	43
7	46
7	49
7	50
7	65
7	69
7	73
7	74
7	76
7	78
7	89
7	91
7	111
7	117
7	571
7	575
8	12
8	18
8	19
8	21
8	25
8	30
8	39
8	44
8	46
8	54
8	57
8	58
8	64
8	79
8	89
8	91
8	95
8	103
8	108
8	111
8	116
8	117
8	130
8	146
8	181
8	187
8	210
8	335
8	494
8	564
8	587
9	13
9	15
9	24
9	29
9	31
9	41
9	46
9	48
9	49
9	50
9	55
9	57
9	58
9	65
9	66
9	69
9	70
9	73
9	77
9	89
9	90
9	99
9	100
9	110
9	112
9	115
9	118
9	119
9	214
9	480
9	556
9	578
9	580
10	13
10	17
10	26
10	32
10	41
10	42
10	49
10	50
10	57
10	74
10	76
10	87
10	90
10	96
10	97
10	101
10	118
10	119
10	141
10	199
10	312
10	495
10	556
10	557
10	587
10	593
11	15
11	16
11	19
11	30
11	41
11	43
11	44
11	58
11	65
11	68
11	71
11	77
11	80
11	86
11	97
11	109
11	116
11	121
11	217
11	219
11	229
11	520
11	597
12	15
12	18
12	24
12	32
12	33
12	34
12	52
12	56
12	65
12	66
12	69
12	70
12	71
12	72
12	95
12	96
12	101
12	107
12	108
12	111
12	113
12	115
12	200
12	235
12	484
12	496
12	510
12	513
12	533
13	17
13	22
13	29
13	41
13	43
13	45
13	49
13	51
13	58
13	62
13	72
13	78
13	83
13	90
13	99
13	106
13	107
13	115
13	136
13	212
13	536
13	550
14	16
14	17
14	22
14	23
14	35
14	36
14	38
14	43
14	52
14	54
14	56
14	60
14	61
14	62
14	66
14	68
14	80
14	81
14	89
14	93
14	97
14	98
14	109
14	113
14	118
14	180
14	182
14	192
14	489
14	493
14	519
14	543
14	554
15	19
15	24
15	30
15	34
15	48
15	51
15	52
15	56
15	57
15	60
15	61
15	66
15	74
15	86
15	90
15	93
15	99
15	104
15	110
15	117
15	118
15	136
15	176
15	185
15	204
15	489
15	519
15	524
15	534
16	23
16	25
16	27
16	31
16	39
16	41
16	62
16	66
16	73
16	78
16	81
16	101
16	106
16	108
16	114
16	118
16	149
16	175
16	575
16	592
17	21
17	22
17	24
17	25
17	27
17	46
17	49
17	53
17	56
17	60
17	71
17	77
17	94
17	96
17	98
17	108
17	114
17	119
17	138
17	175
17	176
17	227
17	308
17	495
17	520
17	527
17	582
17	595
18	21
18	22
18	29
18	41
18	44
18	46
18	47
18	50
18	57
18	63
18	65
18	69
18	78
18	87
18	89
18	102
18	110
18	188
18	225
18	228
18	482
18	504
18	509
18	570
18	574
18	582
19	39
19	55
19	63
19	70
19	73
19	74
19	82
19	84
19	85
19	90
19	96
19	97
19	98
19	106
19	154
19	179
19	185
19	220
19	221
19	499
19	552
19	566
20	24
20	29
20	31
20	48
20	49
20	56
20	59
20	70
20	72
20	74
20	79
20	82
20	87
20	103
20	112
20	117
20	146
20	180
20	198
20	201
20	216
20	513
20	526
20	563
21	26
21	29
21	30
21	32
21	37
21	46
21	51
21	54
21	60
21	62
21	77
21	84
21	85
21	93
21	95
21	97
21	101
21	103
21	107
21	116
21	118
21	123
21	125
21	213
21	222
21	526
21	543
21	588
22	37
22	40
22	45
22	49
22	50
22	64
22	66
22	83
22	84
22	88
22	90
22	93
22	95
22	96
22	99
22	104
22	105
22	106
22	111
22	116
22	123
22	209
22	221
22	230
22	516
22	564
23	30
23	35
23	40
23	47
23	54
23	58
23	68
23	79
23	81
23	97
23	102
23	105
23	107
23	108
23	114
23	115
23	117
23	121
23	179
23	180
23	183
23	193
23	486
23	531
23	570
23	576
24	25
24	40
24	41
24	44
24	48
24	52
24	54
24	59
24	61
24	70
24	71
24	72
24	82
24	89
24	95
24	102
24	103
24	106
24	110
24	116
24	118
24	147
24	159
24	168
24	201
24	214
24	215
24	227
24	239
24	338
24	520
24	539
25	27
25	29
25	34
25	37
25	51
25	53
25	56
25	58
25	69
25	72
25	76
25	82
25	86
25	87
25	92
25	94
25	101
25	103
25	109
25	110
25	117
25	128
25	225
25	488
25	489
25	512
25	566
25	583
25	594
26	27
26	30
26	31
26	33
26	38
26	41
26	50
26	58
26	59
26	62
26	66
26	72
26	79
26	82
26	102
26	111
26	113
26	116
26	137
26	236
26	486
26	500
26	553
26	559
26	565
26	569
26	573
27	30
27	34
27	39
27	42
27	45
27	51
27	65
27	70
27	77
27	80
27	103
27	114
27	115
27	126
27	139
27	500
27	552
28	29
28	31
28	46
28	50
28	62
28	68
28	71
28	78
28	82
28	83
28	87
28	91
28	110
28	112
28	115
28	149
28	188
28	309
28	493
28	541
28	573
28	580
29	31
29	36
29	38
29	41
29	43
29	53
29	55
29	60
29	62
29	67
29	71
29	73
29	74
29	76
29	80
29	83
29	85
29	88
29	90
29	91
29	106
29	107
29	116
29	118
29	119
29	145
29	153
29	212
29	220
29	232
29	485
29	540
29	557
30	33
30	35
30	42
30	50
30	56
30	69
30	70
30	74
30	82
30	88
30	100
30	109
30	110
30	115
30	151
30	153
30	210
30	219
30	231
30	543
30	555
30	568
30	576
30	591
31	33
31	36
31	40
31	47
31	49
31	54
31	55
31	66
31	68
31	69
31	77
31	89
31	90
31	95
31	101
31	102
31	109
31	112
31	154
31	170
31	209
31	233
31	489
31	526
31	533
31	548
31	556
31	558
32	33
32	37
32	40
32	41
32	46
32	47
32	50
32	60
32	68
32	75
32	77
32	86
32	87
32	90
32	92
32	95
32	96
32	100
32	102
32	104
32	105
32	109
32	114
32	235
32	485
32	486
32	529
32	546
33	34
33	36
33	38
33	40
33	48
33	52
33	53
33	61
33	64
33	66
33	68
33	69
33	78
33	95
33	97
33	101
33	106
33	108
33	116
33	119
33	188
33	481
33	492
33	507
33	511
33	528
34	37
34	39
34	46
34	54
34	61
34	67
34	75
34	76
34	81
34	82
34	91
34	104
34	111
34	112
34	119
34	190
34	200
34	211
34	212
34	482
34	543
34	544
34	566
34	587
34	592
35	39
35	41
35	45
35	46
35	57
35	61
35	63
35	64
35	67
35	79
35	82
35	86
35	90
35	91
35	99
35	101
35	108
35	114
35	115
35	116
35	119
35	195
35	224
35	555
35	596
36	39
36	52
36	62
36	68
36	81
36	88
36	89
36	107
36	111
36	116
36	146
36	173
36	192
36	229
36	231
36	480
36	507
36	579
37	46
37	52
37	57
37	69
37	84
37	98
37	99
37	101
37	103
37	107
37	110
37	116
37	117
37	119
37	149
37	152
37	157
37	178
37	521
37	547
37	569
38	42
38	49
38	54
38	65
38	67
38	69
38	70
38	79
38	80
38	81
38	82
38	83
38	85
38	98
38	102
38	113
38	195
38	197
38	200
38	495
38	519
38	587
38	598
39	40
39	42
39	52
39	54
39	56
39	63
39	72
39	77
39	79
39	92
39	96
39	102
39	104
39	106
39	120
39	170
39	175
39	179
39	190
39	200
39	480
39	485
39	507
39	509
39	510
40	44
40	52
40	54
40	57
40	59
40	61
40	70
40	73
40	81
40	83
40	92
40	96
40	101
40	102
40	103
40	110
40	112
40	149
40	176
40	227
40	498
40	535
40	561
41	56
41	70
41	86
41	95
41	97
41	111
41	154
41	171
41	180
41	202
41	203
41	205
41	210
41	218
41	224
41	527
41	544
41	575
41	576
41	579
42	46
42	48
42	55
42	60
42	68
42	82
42	83
42	88
42	89
42	94
42	103
42	104
42	113
42	118
42	120
42	139
42	173
42	198
42	201
42	203
42	221
42	222
42	307
42	318
42	497
42	516
42	585
43	44
43	51
43	52
43	55
43	56
43	59
43	61
43	77
43	82
43	90
43	91
43	97
43	102
43	106
43	111
43	113
43	116
43	146
43	174
43	182
43	213
43	550
44	46
44	53
44	56
44	62
44	70
44	77
44	80
44	87
44	89
44	95
44	101
44	104
44	117
44	121
44	124
44	190
44	480
44	489
44	513
44	530
44	576
45	52
45	55
45	56
45	57
45	61
45	65
45	74
45	75
45	76
45	92
45	97
45	99
45	103
45	108
45	112
45	113
45	118
45	143
45	230
45	510
45	515
45	517
45	564
45	570
46	49
46	59
46	62
46	66
46	70
46	76
46	83
46	84
46	91
46	98
46	100
46	106
46	114
46	160
46	168
46	224
46	509
46	511
46	595
47	55
47	58
47	64
47	67
47	74
47	76
47	84
47	85
47	89
47	94
47	95
47	96
47	98
47	111
47	112
47	114
47	115
47	196
47	236
47	534
47	543
47	565
47	578
47	581
48	60
48	61
48	64
48	65
48	71
48	75
48	79
48	89
48	91
48	93
48	98
48	101
48	114
48	116
48	139
48	160
48	196
48	214
48	217
48	226
48	228
48	531
48	548
48	569
48	575
49	50
49	62
49	72
49	78
49	80
49	84
49	87
49	91
49	92
49	100
49	112
49	113
49	118
49	119
49	120
49	144
49	150
49	160
49	191
49	556
49	594
50	63
50	73
50	76
50	82
50	85
50	86
50	91
50	92
50	93
50	95
50	101
50	103
50	139
50	169
50	191
50	211
50	495
50	510
50	569
51	53
51	56
51	57
51	61
51	65
51	79
51	80
51	87
51	88
51	94
51	96
51	113
51	149
51	165
51	187
51	221
51	546
51	575
51	577
52	53
52	55
52	57
52	74
52	80
52	98
52	102
52	107
52	114
52	127
52	134
52	139
52	153
52	202
52	227
52	235
52	507
52	516
52	542
52	567
53	74
53	76
53	80
53	87
53	93
53	98
53	99
53	107
53	109
53	117
53	160
53	177
53	179
53	181
53	182
53	211
53	320
53	507
53	545
54	55
54	56
54	61
54	64
54	70
54	78
54	79
54	82
54	88
54	93
54	94
54	98
54	99
54	100
54	101
54	107
54	109
54	113
54	118
54	165
54	516
54	588
54	592
55	58
55	64
55	69
55	74
55	76
55	81
55	87
55	90
55	109
55	110
55	113
55	130
55	162
55	165
55	204
55	218
55	228
55	238
55	522
55	573
56	58
56	62
56	66
56	70
56	71
56	75
56	80
56	84
56	85
56	95
56	103
56	108
56	118
56	119
56	135
56	142
56	164
56	166
56	188
56	287
56	487
56	568
56	570
56	579
57	58
57	60
57	63
57	66
57	70
57	79
57	83
57	89
57	93
57	94
57	97
57	105
57	107
57	112
57	155
57	480
57	486
57	487
57	509
57	511
57	514
57	518
58	66
58	71
58	74
58	78
58	86
58	87
58	93
58	98
58	100
58	101
58	104
58	111
58	117
58	192
58	274
58	521
58	533
58	555
58	589
59	60
59	61
59	65
59	72
59	77
59	78
59	80
59	83
59	84
59	85
59	92
59	96
59	99
59	100
59	104
59	106
59	107
59	112
59	113
59	130
59	144
59	230
59	488
59	562
60	70
60	73
60	75
60	77
60	83
60	91
60	92
60	93
60	119
60	137
60	162
60	178
60	206
60	215
60	505
60	524
60	594
61	67
61	70
61	80
61	82
61	87
61	89
61	90
61	92
61	100
61	104
61	108
61	112
61	113
61	115
61	122
61	151
61	189
61	503
61	540
61	590
61	592
62	65
62	68
62	73
62	74
62	75
62	78
62	94
62	98
62	105
62	108
62	113
62	114
62	117
62	168
62	176
62	220
62	549
62	553
62	569
62	589
62	598
63	64
63	66
63	68
63	78
63	79
63	83
63	90
63	101
63	102
63	107
63	109
63	111
63	114
63	124
63	208
63	223
63	507
63	516
63	531
63	550
63	560
63	563
63	565
63	597
64	66
64	73
64	78
64	79
64	83
64	88
64	92
64	97
64	156
64	212
64	223
64	536
64	556
64	564
64	569
64	587
65	73
65	74
65	77
65	84
65	92
65	98
65	102
65	122
65	128
65	137
65	211
65	212
65	239
65	507
65	541
65	573
65	576
66	73
66	77
66	78
66	79
66	80
66	86
66	90
66	91
66	94
66	98
66	109
66	113
66	120
66	123
66	155
66	183
66	188
66	198
66	236
66	346
66	493
66	515
66	521
66	571
66	593
67	68
67	69
67	70
67	75
67	80
67	91
67	92
67	94
67	96
67	98
67	108
67	112
67	193
67	528
67	537
67	560
67	577
68	72
68	75
68	76
68	77
68	90
68	96
68	98
68	103
68	105
68	118
68	141
68	150
68	200
68	222
68	228
68	488
68	492
68	541
68	545
68	553
68	571
69	72
69	74
69	82
69	83
69	85
69	86
69	89
69	99
69	100
69	103
69	107
69	108
69	111
69	115
69	116
69	532
69	542
69	584
70	75
70	78
70	80
70	82
70	85
70	86
70	92
70	104
70	106
70	110
70	111
70	112
70	153
70	163
70	204
70	486
70	494
70	503
70	537
71	72
71	73
71	82
71	85
71	103
71	105
71	107
71	109
71	192
71	208
71	288
71	342
71	516
71	532
71	598
72	74
72	79
72	83
72	91
72	99
72	107
72	109
72	110
72	118
72	181
72	316
72	488
72	526
72	529
72	573
73	76
73	86
73	92
73	94
73	106
73	111
73	113
73	136
73	143
73	164
73	187
73	530
73	538
73	560
73	569
73	574
73	589
73	593
74	79
74	87
74	92
74	94
74	95
74	111
74	115
74	119
74	202
74	229
74	481
74	517
74	527
74	550
75	77
75	82
75	89
75	90
75	94
75	95
75	102
75	103
75	113
75	129
75	202
75	343
75	486
75	544
75	547
75	556
75	591
76	78
76	81
76	83
76	99
76	100
76	102
76	116
76	194
76	223
76	229
76	231
76	575
76	576
77	78
77	92
77	98
77	100
77	101
77	110
77	111
77	116
77	139
77	147
77	148
77	175
77	177
77	206
77	493
77	525
77	550
77	561
77	563
77	576
77	582
78	79
78	82
78	84
78	85
78	86
78	88
78	90
78	91
78	96
78	102
78	109
78	110
78	116
78	118
78	125
78	221
78	227
78	358
78	480
78	537
78	542
79	96
79	98
79	100
79	104
79	107
79	108
79	487
79	508
79	577
80	87
80	98
80	103
80	104
80	106
80	107
80	109
80	182
80	201
80	241
80	485
80	492
80	496
80	519
80	552
80	577
80	578
81	85
81	96
81	106
81	111
81	118
81	183
81	199
81	518
81	538
81	568
81	569
81	577
81	580
81	582
81	587
82	91
82	92
82	93
82	94
82	100
82	104
82	109
82	111
82	112
82	118
82	166
82	176
82	190
82	191
82	209
82	496
82	519
82	521
82	572
82	587
83	85
83	86
83	92
83	95
83	100
83	102
83	105
83	113
83	119
83	161
83	507
83	520
83	563
83	572
83	589
83	595
84	88
84	97
84	102
84	106
84	140
84	143
84	161
84	174
84	198
84	199
84	526
84	585
84	599
85	87
85	88
85	95
85	114
85	125
85	155
85	160
85	172
85	216
85	238
85	508
85	550
86	89
86	100
86	102
86	117
86	124
86	170
86	487
86	497
86	586
87	89
87	90
87	94
87	98
87	108
87	112
87	178
87	188
87	215
87	225
87	237
87	482
87	492
87	505
87	509
87	511
87	577
88	91
88	100
88	104
88	108
88	109
88	219
88	546
88	595
89	104
89	113
89	116
89	117
89	203
89	205
89	227
89	595
90	94
90	97
90	116
90	118
90	119
90	127
90	135
90	170
90	182
90	199
90	206
90	232
90	304
90	533
90	546
90	547
90	560
90	567
90	577
90	584
91	92
91	96
91	108
91	111
91	113
91	119
91	176
91	194
91	213
91	225
91	241
91	490
91	530
91	531
92	96
92	116
92	137
92	202
92	282
92	300
92	493
92	544
92	573
93	102
93	103
93	105
93	106
93	110
93	112
93	118
93	124
93	191
93	202
93	209
93	224
93	231
93	481
93	483
93	506
93	518
93	519
93	521
93	536
93	547
93	560
93	569
93	590
93	592
94	102
94	104
94	105
94	115
94	116
94	140
94	156
94	170
94	326
94	524
94	539
95	98
95	103
95	105
95	109
95	111
95	113
95	195
95	506
95	587
95	597
96	103
96	105
96	110
96	111
96	126
96	162
96	180
96	195
96	511
96	517
96	537
96	581
97	99
97	103
97	109
97	110
97	111
97	118
97	179
97	234
97	550
97	553
97	566
97	573
97	578
97	593
97	596
98	102
98	112
98	119
98	123
98	134
98	163
98	226
98	231
98	336
98	497
98	548
98	557
98	560
98	562
99	101
99	104
99	108
99	109
99	115
99	116
99	143
99	151
99	172
99	194
99	488
99	490
99	492
99	496
99	498
99	514
99	532
99	536
99	537
99	552
100	102
100	105
100	107
100	109
100	111
100	113
100	114
100	171
100	182
100	560
100	575
101	102
101	103
101	107
101	111
101	113
101	114
101	133
101	152
101	155
101	176
101	486
101	515
101	523
101	544
101	552
101	582
101	591
101	594
102	104
102	111
102	113
102	116
102	169
102	510
102	520
102	526
102	587
103	116
103	167
103	180
103	490
103	500
103	507
103	536
103	549
104	106
104	114
104	149
104	184
104	482
104	521
104	559
105	107
105	108
105	143
105	154
105	168
105	219
105	485
105	489
105	508
105	512
106	117
106	126
106	196
106	230
106	236
106	484
106	519
106	536
106	571
106	596
107	110
107	173
107	204
107	227
107	358
107	537
107	543
107	558
107	588
108	111
108	126
108	225
108	226
108	235
108	536
108	558
109	111
109	114
109	118
109	123
109	140
109	225
109	487
109	499
109	554
109	579
110	111
110	117
110	125
110	138
110	191
110	213
110	517
110	545
111	112
111	182
111	511
112	152
112	184
112	188
112	217
112	541
112	565
113	119
113	141
113	161
113	182
113	184
113	192
113	234
113	535
113	539
113	561
113	564
113	567
114	158
114	199
114	206
114	226
114	358
114	498
115	127
115	202
115	526
115	532
115	561
115	563
115	577
116	480
116	481
116	483
116	485
116	488
117	118
117	143
117	174
117	200
117	230
117	487
117	490
117	521
117	529
117	565
117	577
118	128
118	166
118	177
118	184
118	341
118	354
118	515
118	578
118	594
119	226
119	268
119	519
119	536
120	124
120	131
120	140
120	147
120	162
120	168
120	170
120	180
120	183
120	185
120	189
120	193
120	195
120	196
120	197
120	198
120	200
120	217
120	223
120	224
120	225
120	237
120	238
120	370
120	481
120	565
121	128
121	132
121	151
121	152
121	157
121	161
121	163
121	166
121	170
121	171
121	184
121	185
121	188
121	200
121	202
121	203
121	206
121	210
121	211
121	217
121	220
121	225
121	227
121	228
121	232
121	233
121	239
121	450
121	503
121	565
121	595
122	124
122	137
122	144
122	152
122	153
122	157
122	160
122	162
122	163
122	171
122	175
122	176
122	189
122	195
122	201
122	202
122	235
122	516
122	544
122	545
122	557
122	568
122	582
123	129
123	130
123	131
123	145
123	149
123	150
123	153
123	157
123	170
123	174
123	179
123	190
123	194
123	195
123	198
123	200
123	204
123	212
123	214
123	221
123	229
123	239
123	344
123	544
124	155
124	160
124	161
124	172
124	194
124	197
124	199
124	201
124	208
124	214
124	216
124	227
124	238
124	342
124	394
124	526
124	531
124	547
124	572
125	127
125	149
125	150
125	166
125	168
125	170
125	174
125	179
125	181
125	183
125	196
125	197
125	200
125	213
125	218
125	223
125	227
125	228
125	231
125	309
125	381
125	541
125	550
126	127
126	131
126	132
126	138
126	143
126	153
126	158
126	161
126	168
126	169
126	175
126	177
126	182
126	183
126	198
126	205
126	208
126	209
126	210
126	212
126	214
126	237
127	133
127	142
127	160
127	161
127	162
127	167
127	172
127	175
127	177
127	181
127	188
127	191
127	195
127	197
127	205
127	208
127	209
127	210
127	213
127	216
127	222
127	231
127	232
127	500
128	130
128	133
128	136
128	140
128	149
128	159
128	165
128	169
128	182
128	185
128	189
128	196
128	216
128	217
128	223
128	230
128	544
128	580
129	130
129	133
129	141
129	143
129	154
129	155
129	168
129	169
129	170
129	172
129	188
129	191
129	203
129	207
129	209
129	211
129	215
129	216
129	235
129	236
129	390
129	503
129	515
130	131
130	143
130	146
130	150
130	151
130	171
130	176
130	179
130	184
130	186
130	190
130	193
130	198
130	207
130	209
130	210
130	211
130	228
130	230
130	231
130	234
130	342
130	521
130	580
130	591
131	132
131	134
131	137
131	143
131	152
131	157
131	163
131	164
131	166
131	167
131	174
131	181
131	185
131	186
131	192
131	193
131	195
131	205
131	209
131	210
131	212
131	220
131	225
131	229
131	230
131	235
132	143
132	159
132	164
132	171
132	174
132	179
132	180
132	182
132	186
132	190
132	200
132	210
132	229
132	232
132	238
132	239
132	378
133	136
133	139
133	151
133	160
133	162
133	169
133	179
133	193
133	197
133	198
133	202
133	214
133	219
133	222
133	231
133	233
133	236
133	301
133	399
133	523
134	138
134	158
134	164
134	169
134	170
134	182
134	184
134	186
134	202
134	206
134	209
134	213
134	229
134	234
134	236
134	367
134	445
134	465
134	486
134	504
134	521
134	559
134	564
135	143
135	144
135	149
135	160
135	168
135	170
135	173
135	175
135	179
135	180
135	190
135	192
135	195
135	211
135	214
135	223
135	236
135	237
135	238
135	364
135	431
135	435
135	501
135	578
136	141
136	154
136	173
136	182
136	185
136	188
136	195
136	199
136	207
136	220
136	222
136	223
136	225
136	228
136	234
136	239
136	460
136	499
136	562
137	139
137	142
137	152
137	154
137	159
137	161
137	162
137	163
137	174
137	181
137	184
137	188
137	201
137	204
137	205
137	207
137	210
137	211
137	212
137	215
137	233
137	271
137	494
137	529
137	575
137	598
138	140
138	141
138	143
138	145
138	150
138	152
138	155
138	160
138	166
138	169
138	180
138	187
138	189
138	191
138	192
138	196
138	198
138	205
138	208
138	209
138	211
138	214
138	223
138	224
138	228
138	232
138	237
138	239
138	333
138	390
138	509
138	548
138	549
139	142
139	158
139	170
139	181
139	186
139	196
139	202
139	206
139	208
139	213
139	217
139	219
139	220
139	235
139	238
139	405
139	502
139	523
140	142
140	151
140	155
140	157
140	163
140	164
140	168
140	172
140	173
140	174
140	176
140	177
140	182
140	187
140	194
140	195
140	211
140	212
140	217
140	222
140	227
140	238
140	288
140	559
140	586
141	144
141	146
141	160
141	167
141	169
141	170
141	180
141	183
141	190
141	192
141	193
141	197
141	204
141	214
141	217
141	218
141	223
141	227
141	234
141	530
141	588
142	147
142	155
142	160
142	161
142	168
142	177
142	182
142	184
142	187
142	189
142	193
142	196
142	226
142	229
142	231
142	235
142	237
142	511
142	570
142	574
142	586
143	145
143	150
143	151
143	157
143	161
143	164
143	165
143	171
143	173
143	174
143	176
143	179
143	181
143	191
143	192
143	196
143	201
143	204
143	206
143	217
143	218
143	219
143	220
143	225
143	229
143	230
143	269
143	306
143	467
143	482
144	168
144	176
144	179
144	185
144	191
144	199
144	201
144	206
144	208
144	210
144	216
144	218
144	220
144	222
144	228
144	236
144	239
144	471
144	483
144	485
144	501
144	538
145	166
145	175
145	179
145	180
145	183
145	191
145	193
145	198
145	207
145	209
145	213
145	214
145	228
145	233
145	234
145	239
145	517
145	541
145	551
145	560
146	149
146	152
146	154
146	155
146	160
146	163
146	171
146	175
146	180
146	183
146	196
146	197
146	202
146	203
146	214
146	235
146	347
146	377
146	418
146	581
147	150
147	154
147	170
147	172
147	182
147	183
147	185
147	197
147	205
147	211
147	215
147	218
147	225
147	227
147	498
147	506
147	531
147	538
147	598
148	158
148	167
148	170
148	174
148	175
148	187
148	190
148	191
148	194
148	196
148	198
148	201
148	203
148	204
148	207
148	212
148	227
148	230
148	235
148	345
148	451
148	487
148	511
148	526
149	150
149	153
149	156
149	158
149	160
149	162
149	166
149	179
149	180
149	183
149	187
149	190
149	191
149	194
149	197
149	200
149	207
149	228
149	230
149	231
149	235
149	238
149	389
149	506
149	541
149	571
150	156
150	166
150	167
150	168
150	173
150	177
150	190
150	195
150	196
150	206
150	216
150	220
150	226
150	227
150	228
150	230
150	378
150	385
150	498
150	565
150	596
151	152
151	158
151	159
151	160
151	168
151	176
151	182
151	187
151	197
151	204
151	218
151	223
151	235
151	253
151	316
151	435
151	480
151	541
151	560
151	568
151	588
151	599
152	154
152	156
152	159
152	160
152	163
152	173
152	178
152	182
152	184
152	195
152	196
152	202
152	206
152	225
152	229
152	230
152	238
152	254
152	464
152	491
152	513
152	529
152	555
153	164
153	165
153	168
153	172
153	179
153	180
153	192
153	193
153	196
153	201
153	206
153	210
153	220
153	222
153	224
153	230
153	231
153	378
153	524
153	535
153	599
154	166
154	169
154	171
154	172
154	175
154	181
154	202
154	206
154	209
154	211
154	213
154	218
154	221
154	222
154	227
154	228
154	229
154	231
154	236
154	513
154	520
154	526
154	540
154	555
154	569
154	583
154	592
155	156
155	174
155	177
155	179
155	182
155	188
155	190
155	204
155	212
155	214
155	229
155	234
155	237
155	238
155	390
155	476
155	491
155	501
155	580
156	159
156	160
156	174
156	178
156	180
156	181
156	192
156	195
156	213
156	214
156	216
156	234
156	358
156	475
156	510
157	160
157	169
157	170
157	175
157	180
157	181
157	199
157	202
157	205
157	209
157	212
157	217
157	218
157	220
157	224
157	233
157	237
157	510
157	521
157	573
157	575
158	161
158	174
158	176
158	188
158	199
158	202
158	207
158	209
158	211
158	221
158	225
158	226
158	228
158	230
158	239
158	482
158	495
158	513
158	523
158	526
158	546
159	160
159	166
159	168
159	174
159	180
159	186
159	188
159	194
159	214
159	231
159	420
159	483
159	488
159	495
159	540
159	556
160	163
160	165
160	166
160	172
160	178
160	179
160	192
160	193
160	194
160	197
160	201
160	206
160	207
160	209
160	212
160	214
160	220
160	229
160	233
160	363
160	539
160	590
161	163
161	166
161	172
161	176
161	177
161	189
161	193
161	197
161	198
161	209
161	213
161	214
161	232
161	234
161	337
161	503
161	517
161	532
161	578
162	171
162	177
162	178
162	193
162	195
162	201
162	207
162	211
162	213
162	214
162	218
162	220
162	233
162	239
162	367
162	561
163	165
163	167
163	169
163	171
163	178
163	179
163	182
163	190
163	191
163	195
163	204
163	205
163	206
163	208
163	214
163	216
163	217
163	223
163	224
163	227
163	228
163	229
163	230
163	232
163	359
163	500
163	533
163	583
163	593
164	167
164	177
164	185
164	190
164	197
164	198
164	221
164	235
164	236
164	239
164	430
164	451
164	484
164	490
164	564
165	166
165	167
165	171
165	189
165	202
165	214
165	216
165	217
165	218
165	222
165	226
165	227
165	228
165	229
165	230
165	236
165	396
165	489
166	170
166	171
166	173
166	176
166	177
166	178
166	179
166	180
166	189
166	203
166	204
166	206
166	220
166	230
166	232
166	236
166	239
166	305
166	396
166	538
166	565
167	180
167	190
167	195
167	197
167	205
167	213
167	215
167	221
167	222
167	229
167	239
167	541
167	564
167	567
168	176
168	182
168	188
168	197
168	205
168	208
168	209
168	210
168	216
168	221
168	226
168	230
168	238
168	454
168	599
169	170
169	191
169	192
169	196
169	218
169	219
169	220
169	223
169	225
169	226
169	236
169	483
169	524
169	545
169	557
169	586
170	182
170	186
170	187
170	189
170	190
170	199
170	200
170	202
170	208
170	211
170	222
170	230
170	232
170	233
170	238
170	278
170	494
170	504
170	513
170	521
170	529
170	577
171	178
171	180
171	182
171	188
171	189
171	192
171	195
171	198
171	201
171	204
171	206
171	209
171	214
171	223
171	227
171	228
171	231
171	232
171	233
171	484
171	501
171	515
171	518
172	174
172	184
172	187
172	194
172	198
172	207
172	211
172	212
172	221
172	224
172	229
172	233
172	234
172	445
172	517
172	536
172	572
173	174
173	185
173	189
173	200
173	202
173	204
173	219
173	229
173	237
173	400
173	555
173	558
173	563
173	573
174	179
174	182
174	191
174	193
174	200
174	201
174	210
174	213
174	214
174	218
174	225
174	228
174	231
174	234
174	373
174	389
174	537
175	185
175	189
175	192
175	194
175	198
175	199
175	205
175	206
175	208
175	209
175	210
175	220
175	233
175	237
175	402
175	494
175	541
175	556
175	561
175	571
175	599
176	177
176	196
176	197
176	199
176	205
176	215
176	224
176	236
176	237
176	529
176	591
177	178
177	179
177	181
177	194
177	201
177	207
177	215
177	216
177	219
177	235
177	236
177	238
177	362
177	489
177	493
177	599
178	182
178	188
178	192
178	197
178	199
178	203
178	210
178	211
178	212
178	218
178	222
178	224
178	234
178	235
178	453
178	482
178	528
178	539
178	543
178	576
178	580
178	593
179	182
179	183
179	205
179	211
179	212
179	214
179	219
179	228
179	230
179	232
179	235
179	388
179	437
179	520
179	563
179	576
179	599
180	181
180	185
180	186
180	188
180	190
180	192
180	199
180	204
180	205
180	208
180	209
180	210
180	212
180	215
180	229
180	239
181	188
181	210
181	215
181	217
181	224
181	360
181	503
181	504
181	538
181	547
181	572
182	183
182	185
182	187
182	197
182	203
182	216
182	218
182	222
182	223
182	225
182	226
182	230
182	238
182	365
182	444
182	479
182	511
182	518
182	535
182	568
182	573
183	186
183	188
183	189
183	191
183	192
183	193
183	195
183	197
183	211
183	212
183	216
183	219
183	224
183	235
183	489
183	519
183	578
184	186
184	188
184	196
184	197
184	209
184	210
184	212
184	214
184	217
184	222
184	233
184	513
184	581
184	585
184	593
185	211
185	222
185	225
185	239
185	243
185	497
185	576
186	194
186	197
186	200
186	205
186	207
186	208
186	210
186	211
186	215
186	230
186	237
186	547
187	188
187	191
187	209
187	211
187	214
187	220
187	222
187	223
187	228
187	230
187	233
187	236
187	238
187	239
187	365
187	377
187	499
187	532
187	539
187	551
188	196
188	198
188	200
188	201
188	209
188	211
188	224
188	227
188	230
188	234
188	237
188	432
188	433
188	487
188	497
188	512
188	539
188	560
188	580
189	200
189	202
189	205
189	217
189	220
189	221
189	224
189	226
189	227
189	229
189	231
189	232
189	234
189	235
189	485
189	532
189	575
189	582
189	586
190	199
190	201
190	204
190	213
190	214
190	216
190	220
190	221
190	222
190	224
190	225
190	227
190	232
190	237
190	238
190	414
190	508
190	512
191	193
191	194
191	209
191	210
191	217
191	222
191	225
191	233
191	239
191	526
191	540
192	202
192	204
192	210
192	211
192	214
192	217
192	221
192	223
192	230
192	232
192	234
192	487
192	491
192	547
193	203
193	210
193	211
193	214
193	228
193	230
193	528
193	595
194	197
194	201
194	203
194	206
194	216
194	221
194	222
194	223
194	438
194	515
194	575
195	201
195	202
195	203
195	206
195	222
195	226
195	228
195	233
195	235
195	236
195	239
195	352
195	508
195	529
195	584
195	585
196	206
196	209
196	212
196	214
196	218
196	220
196	223
196	227
196	235
196	236
196	484
196	543
197	202
197	219
197	221
197	226
197	237
197	243
197	429
197	463
197	482
197	486
197	512
197	560
197	562
197	571
198	199
198	202
198	204
198	206
198	210
198	218
198	220
198	226
198	230
198	234
198	413
198	485
198	534
198	544
199	206
199	213
199	214
199	223
199	226
199	227
199	233
199	237
199	238
199	286
199	455
199	456
199	520
199	574
200	208
200	209
200	218
200	222
200	229
200	230
200	232
200	233
200	388
200	490
200	529
200	530
200	569
201	204
201	208
201	213
201	214
201	216
201	219
201	232
201	233
201	234
201	236
201	238
201	500
201	522
202	208
202	209
202	213
202	222
202	230
202	233
202	238
202	239
202	362
202	511
202	577
203	204
203	205
203	215
203	218
203	219
203	220
203	225
203	235
203	340
203	408
203	480
203	504
204	209
204	216
204	222
204	226
204	227
204	238
204	472
205	208
205	209
205	216
205	218
205	232
205	238
205	274
205	404
205	572
205	577
205	586
206	211
206	212
206	215
206	218
206	226
206	230
206	233
206	239
206	496
207	213
207	218
207	219
207	222
207	227
207	228
207	232
207	238
207	336
207	480
207	483
207	513
207	537
207	570
208	210
208	218
208	220
208	229
208	236
208	529
208	548
208	580
209	219
209	228
209	231
209	234
209	388
209	457
209	569
209	571
209	598
210	218
210	228
210	235
210	239
210	240
210	259
210	437
210	550
210	573
211	213
211	215
211	220
211	221
211	225
211	231
211	284
211	415
211	498
211	558
211	586
212	218
212	221
212	222
212	223
212	234
212	472
212	524
212	594
212	597
213	219
213	221
213	223
213	229
213	236
213	239
213	482
213	514
213	534
213	540
214	217
214	221
214	223
214	228
214	233
214	443
214	494
214	500
214	509
214	534
214	567
214	571
214	583
214	588
215	219
215	226
215	230
215	233
215	320
215	387
215	489
215	552
215	592
216	220
216	230
216	234
216	237
216	239
216	505
216	533
216	561
217	219
217	235
217	482
217	509
217	522
217	530
218	221
218	228
218	232
218	233
218	332
218	454
218	508
218	527
218	531
219	228
219	231
219	234
219	283
219	492
219	499
219	526
219	552
219	554
219	564
219	578
220	227
220	231
220	234
220	236
220	238
220	507
220	517
220	519
220	575
221	233
221	234
221	401
221	428
221	481
221	547
221	597
222	228
222	229
222	230
222	238
222	256
222	418
222	495
222	517
222	597
223	227
223	232
223	237
223	417
223	463
223	525
223	529
223	582
224	228
224	231
224	232
224	236
224	518
224	531
224	553
224	554
224	598
225	226
225	229
225	230
225	233
225	237
225	364
225	522
225	565
225	588
226	228
226	229
226	239
226	481
226	537
226	541
226	566
226	575
227	228
227	239
227	401
227	488
227	519
227	530
227	571
228	232
228	233
228	238
228	427
228	535
228	552
228	590
228	594
229	234
229	390
229	394
229	507
229	592
230	233
230	234
230	235
230	236
230	306
230	442
230	542
230	547
230	585
230	586
230	589
231	581
232	237
232	238
232	526
232	532
232	553
232	559
232	582
232	588
233	235
233	432
233	509
233	568
234	238
234	239
234	254
234	504
234	516
234	566
235	236
235	389
235	513
236	237
236	541
236	590
236	595
236	597
237	391
237	494
237	497
237	501
237	526
237	527
237	592
238	239
238	296
238	439
238	544
238	597
239	377
239	502
239	506
239	534
239	535
239	583
239	592
240	247
240	248
240	249
240	258
240	265
240	273
240	274
240	280
240	281
240	286
240	291
240	292
240	293
240	300
240	306
240	307
240	313
240	314
240	322
240	329
240	334
240	338
240	340
240	341
240	342
240	344
240	349
240	354
240	355
240	381
240	409
240	459
240	465
241	245
241	251
241	255
241	257
241	267
241	274
241	293
241	294
241	301
241	314
241	327
241	329
241	333
241	334
241	340
241	341
241	345
241	352
241	368
241	390
241	413
241	414
241	418
241	436
241	468
241	532
242	244
242	246
242	252
242	257
242	259
242	275
242	276
242	286
242	287
242	288
242	293
242	299
242	305
242	307
242	311
242	315
242	322
242	325
242	335
242	336
242	338
242	340
242	343
242	346
242	397
242	435
242	437
242	462
242	472
243	264
243	265
243	271
243	286
243	296
243	303
243	307
243	310
243	328
243	343
243	347
243	386
243	433
243	440
243	452
243	456
243	465
244	247
244	255
244	277
244	284
244	303
244	305
244	315
244	319
244	326
244	328
244	329
244	331
244	333
244	334
244	342
244	349
244	358
244	359
244	366
244	368
244	386
244	392
244	418
244	451
245	246
245	253
245	256
245	258
245	261
245	267
245	268
245	271
245	276
245	293
245	303
245	306
245	310
245	311
245	312
245	313
245	319
245	337
245	339
245	348
245	349
245	354
245	357
245	371
245	401
245	440
245	445
245	465
245	467
245	468
245	470
245	473
245	559
246	261
246	265
246	267
246	268
246	273
246	274
246	277
246	283
246	284
246	290
246	298
246	300
246	302
246	304
246	309
246	313
246	316
246	317
246	320
246	324
246	326
246	331
246	338
246	340
246	344
246	346
246	347
246	359
246	377
246	399
246	410
246	413
246	421
246	458
246	464
247	254
247	255
247	256
247	271
247	273
247	276
247	283
247	285
247	295
247	309
247	310
247	312
247	323
247	339
247	340
247	348
247	350
247	351
247	352
247	358
247	359
247	370
247	386
247	420
247	459
247	470
247	547
248	249
248	251
248	256
248	258
248	263
248	278
248	285
248	291
248	292
248	293
248	294
248	296
248	299
248	307
248	308
248	309
248	312
248	313
248	315
248	316
248	317
248	321
248	329
248	352
248	354
248	355
248	368
248	380
248	390
248	415
248	429
248	431
248	440
248	452
248	460
248	465
248	470
249	252
249	256
249	262
249	267
249	271
249	272
249	273
249	275
249	280
249	283
249	292
249	294
249	318
249	322
249	328
249	329
249	333
249	335
249	343
249	359
249	360
249	373
249	397
249	399
249	416
249	456
249	459
249	466
249	468
250	251
250	258
250	260
250	263
250	264
250	275
250	287
250	291
250	298
250	299
250	302
250	309
250	315
250	329
250	334
250	336
250	343
250	346
250	354
250	404
250	416
250	433
250	443
251	262
251	276
251	278
251	279
251	280
251	284
251	285
251	288
251	295
251	296
251	306
251	312
251	318
251	320
251	324
251	330
251	341
251	343
251	356
251	369
251	381
251	389
251	403
251	408
251	415
251	423
251	432
251	448
252	256
252	260
252	261
252	263
252	267
252	269
252	272
252	279
252	282
252	295
252	297
252	298
252	299
252	300
252	310
252	313
252	322
252	326
252	335
252	336
252	338
252	343
252	344
252	354
252	357
252	358
252	363
252	374
252	401
252	405
252	421
252	426
253	264
253	265
253	268
253	270
253	277
253	295
253	301
253	306
253	309
253	310
253	311
253	314
253	315
253	317
253	318
253	321
253	329
253	332
253	334
253	336
253	347
253	350
253	356
253	358
253	375
253	415
253	426
253	439
253	444
253	469
253	471
254	255
254	256
254	263
254	270
254	272
254	275
254	285
254	288
254	294
254	298
254	305
254	307
254	316
254	319
254	326
254	335
254	340
254	343
254	344
254	346
254	349
254	351
254	374
254	387
254	388
254	409
254	416
255	261
255	263
255	264
255	272
255	275
255	276
255	280
255	283
255	294
255	299
255	300
255	307
255	310
255	312
255	313
255	314
255	320
255	321
255	322
255	335
255	339
255	341
255	344
255	348
255	349
255	357
255	366
255	371
255	383
255	391
255	406
255	417
255	433
255	445
256	257
256	259
256	274
256	277
256	285
256	286
256	287
256	294
256	298
256	304
256	307
256	308
256	315
256	323
256	324
256	325
256	326
256	328
256	331
256	333
256	334
256	336
256	337
256	346
256	350
256	363
256	366
256	402
256	414
256	462
256	473
257	259
257	270
257	272
257	273
257	275
257	277
257	279
257	280
257	281
257	284
257	287
257	292
257	298
257	301
257	308
257	322
257	329
257	334
257	335
257	337
257	349
257	359
257	380
257	391
257	396
257	429
257	430
257	452
257	475
257	479
257	498
258	263
258	273
258	277
258	284
258	286
258	288
258	292
258	301
258	307
258	309
258	314
258	334
258	335
258	342
258	348
258	354
258	355
258	397
258	405
258	421
258	431
258	457
258	458
258	477
259	261
259	264
259	268
259	280
259	282
259	283
259	284
259	290
259	293
259	298
259	303
259	304
259	307
259	315
259	316
259	322
259	323
259	326
259	327
259	333
259	336
259	339
259	342
259	345
259	353
259	355
259	369
259	371
259	386
259	441
260	271
260	273
260	279
260	282
260	290
260	291
260	294
260	303
260	307
260	313
260	314
260	317
260	319
260	322
260	324
260	329
260	330
260	334
260	337
260	375
260	377
260	387
260	407
260	425
260	433
260	475
260	477
261	262
261	263
261	272
261	279
261	282
261	288
261	296
261	300
261	303
261	323
261	335
261	338
261	342
261	343
261	344
261	349
261	351
261	373
261	397
261	428
261	433
261	460
262	264
262	267
262	279
262	280
262	286
262	288
262	290
262	292
262	305
262	307
262	315
262	321
262	322
262	325
262	335
262	340
262	341
262	352
262	357
262	374
262	381
262	388
262	411
262	414
262	424
262	442
262	448
263	264
263	275
263	279
263	284
263	297
263	301
263	316
263	317
263	318
263	321
263	328
263	329
263	331
263	334
263	336
263	346
263	358
263	369
263	370
263	404
263	412
263	442
263	513
264	266
264	285
264	289
264	290
264	291
264	297
264	301
264	305
264	306
264	312
264	313
264	321
264	324
264	327
264	337
264	338
264	351
264	357
264	373
264	434
264	468
264	478
265	270
265	280
265	283
265	284
265	285
265	289
265	294
265	296
265	299
265	304
265	305
265	308
265	315
265	317
265	321
265	322
265	327
265	329
265	333
265	335
265	339
265	343
265	353
265	357
265	371
265	390
265	391
265	408
265	410
265	413
265	415
265	466
265	468
266	270
266	273
266	276
266	285
266	293
266	296
266	299
266	301
266	306
266	308
266	311
266	315
266	316
266	324
266	334
266	343
266	344
266	346
266	347
266	348
266	349
266	355
266	376
266	399
266	442
266	459
266	477
267	269
267	270
267	271
267	274
267	279
267	285
267	286
267	292
267	301
267	307
267	308
267	309
267	311
267	322
267	331
267	332
267	337
267	344
267	347
267	352
267	391
267	428
267	447
267	500
268	269
268	270
268	279
268	284
268	285
268	290
268	295
268	300
268	303
268	306
268	312
268	316
268	323
268	328
268	332
268	347
268	367
268	410
268	413
268	421
268	461
268	467
268	485
269	280
269	286
269	287
269	289
269	297
269	298
269	304
269	311
269	315
269	321
269	329
269	332
269	334
269	335
269	343
269	354
269	392
269	423
269	450
269	467
269	470
269	475
269	531
269	555
270	278
270	281
270	286
270	289
270	292
270	295
270	302
270	327
270	332
270	333
270	335
270	338
270	346
270	350
270	351
270	354
270	358
270	407
270	435
270	458
270	476
270	477
271	277
271	278
271	280
271	282
271	292
271	293
271	309
271	310
271	313
271	315
271	317
271	324
271	329
271	332
271	335
271	336
271	389
271	409
271	420
271	451
271	488
272	276
272	279
272	284
272	285
272	298
272	306
272	313
272	317
272	329
272	330
272	331
272	338
272	339
272	352
272	357
272	385
272	409
272	414
272	575
273	281
273	289
273	290
273	291
273	294
273	296
273	297
273	305
273	307
273	310
273	314
273	317
273	320
273	322
273	326
273	331
273	332
273	335
273	341
273	342
273	343
273	352
273	353
273	387
273	450
273	469
273	496
274	288
274	296
274	299
274	316
274	324
274	326
274	329
274	332
274	340
274	341
274	342
274	344
274	348
274	349
274	350
274	366
274	373
274	387
274	388
274	404
274	420
274	423
274	453
274	492
275	279
275	283
275	287
275	294
275	301
275	314
275	316
275	318
275	321
275	324
275	329
275	330
275	331
275	340
275	342
275	350
275	351
275	358
275	373
275	394
275	409
275	422
275	432
275	444
276	277
276	278
276	284
276	290
276	291
276	300
276	301
276	305
276	308
276	311
276	315
276	324
276	326
276	328
276	331
276	333
276	336
276	341
276	342
276	344
276	346
276	356
276	399
276	416
276	426
276	451
276	456
276	486
277	287
277	295
277	298
277	302
277	319
277	320
277	330
277	331
277	335
277	336
277	343
277	346
277	347
277	351
277	357
277	358
277	373
277	376
277	381
277	385
277	387
277	412
277	414
277	448
277	471
277	475
278	282
278	287
278	294
278	297
278	298
278	305
278	310
278	312
278	315
278	320
278	327
278	334
278	336
278	338
278	342
278	343
278	354
278	356
278	361
278	369
278	398
278	418
279	283
279	286
279	297
279	299
279	301
279	302
279	308
279	311
279	314
279	317
279	318
279	327
279	329
279	332
279	338
279	340
279	347
279	350
279	354
279	355
279	356
279	358
279	359
279	375
279	377
279	393
279	411
279	427
279	455
280	284
280	310
280	312
280	319
280	323
280	327
280	330
280	334
280	340
280	351
280	357
280	360
280	363
280	417
280	425
280	468
280	472
281	282
281	285
281	286
281	287
281	301
281	306
281	309
281	310
281	311
281	318
281	323
281	327
281	329
281	341
281	342
281	363
281	370
281	409
281	420
281	448
281	460
281	465
281	549
282	284
282	285
282	292
282	294
282	297
282	299
282	301
282	305
282	307
282	309
282	312
282	314
282	316
282	318
282	320
282	321
282	323
282	346
282	353
282	355
282	420
282	449
282	453
282	469
282	476
283	284
283	288
283	289
283	300
283	305
283	306
283	315
283	322
283	333
283	350
283	376
283	389
283	391
283	420
283	422
283	459
283	462
283	467
283	469
283	471
283	472
283	599
284	288
284	290
284	292
284	294
284	296
284	305
284	307
284	314
284	323
284	335
284	346
284	348
284	350
284	370
284	377
284	380
284	385
284	396
284	400
284	406
284	421
284	429
284	434
284	464
284	468
284	473
284	477
284	563
285	294
285	295
285	305
285	314
285	346
285	351
285	352
285	353
285	356
285	358
285	361
285	373
285	428
285	430
285	438
285	440
285	445
285	458
285	472
285	489
286	288
286	292
286	295
286	302
286	307
286	320
286	326
286	328
286	338
286	349
286	353
286	356
286	366
286	398
286	421
286	422
286	448
286	449
286	460
286	467
287	291
287	292
287	294
287	295
287	297
287	299
287	302
287	304
287	310
287	311
287	318
287	322
287	324
287	340
287	363
287	381
287	395
287	405
287	449
287	472
288	290
288	292
288	301
288	312
288	313
288	315
288	316
288	318
288	323
288	324
288	327
288	328
288	329
288	338
288	339
288	340
288	348
288	356
288	398
288	444
288	463
288	540
288	548
288	556
289	291
289	292
289	293
289	301
289	309
289	323
289	326
289	327
289	330
289	338
289	347
289	349
289	350
289	352
289	370
289	380
289	381
289	382
289	390
289	400
289	403
289	440
289	441
289	460
290	295
290	305
290	313
290	318
290	330
290	348
290	370
290	383
290	411
290	415
290	422
290	435
290	444
290	447
290	449
290	466
290	467
291	292
291	293
291	294
291	296
291	301
291	304
291	311
291	312
291	313
291	318
291	322
291	325
291	330
291	334
291	338
291	341
291	354
291	360
291	365
291	397
291	403
291	406
291	410
291	417
291	430
291	467
291	517
291	534
291	564
291	595
292	294
292	297
292	303
292	304
292	308
292	320
292	325
292	357
292	359
292	400
292	435
292	464
293	295
293	297
293	298
293	299
293	313
293	318
293	333
293	341
293	357
293	386
293	389
293	408
293	416
293	477
294	300
294	303
294	320
294	331
294	337
294	338
294	339
294	351
294	352
294	353
294	359
294	376
294	413
294	417
294	425
294	428
294	459
294	466
294	475
294	579
295	307
295	311
295	315
295	320
295	325
295	330
295	331
295	336
295	344
295	345
295	348
295	359
295	394
295	398
295	401
295	404
295	413
295	450
295	460
296	297
296	301
296	307
296	311
296	317
296	318
296	323
296	326
296	331
296	332
296	337
296	341
296	342
296	351
296	354
296	356
296	398
296	477
297	308
297	316
297	335
297	338
297	339
297	342
297	349
297	358
297	382
297	384
297	404
297	447
297	451
297	456
297	465
297	475
298	303
298	305
298	312
298	313
298	323
298	326
298	328
298	331
298	333
298	343
298	350
298	352
298	370
298	393
298	419
298	431
299	300
299	309
299	316
299	317
299	318
299	322
299	328
299	335
299	336
299	337
299	338
299	339
299	342
299	348
299	350
299	368
299	409
299	425
299	454
300	304
300	306
300	311
300	312
300	313
300	316
300	318
300	320
300	326
300	327
300	328
300	333
300	334
300	336
300	345
300	400
300	419
300	430
300	456
300	479
301	313
301	316
301	317
301	318
301	321
301	324
301	326
301	328
301	356
301	358
301	361
301	367
301	384
301	434
301	446
301	470
302	303
302	308
302	310
302	321
302	328
302	329
302	331
302	346
302	361
302	382
302	407
302	412
302	418
302	462
302	471
303	304
303	305
303	306
303	308
303	322
303	334
303	340
303	346
303	348
303	352
303	356
303	361
303	384
303	396
303	402
303	412
303	417
303	459
303	585
304	307
304	319
304	321
304	337
304	343
304	364
304	380
304	398
304	432
304	434
304	464
304	468
305	312
305	316
305	330
305	334
305	335
305	338
305	348
305	354
305	357
305	401
305	409
305	424
305	436
305	461
305	465
305	564
306	308
306	310
306	313
306	329
306	337
306	344
306	346
306	348
306	354
306	355
306	374
306	384
306	385
306	398
306	413
306	424
306	429
306	444
306	454
306	457
306	478
307	318
307	320
307	326
307	329
307	332
307	333
307	334
307	356
307	358
307	364
307	367
307	372
307	415
307	434
308	310
308	320
308	335
308	336
308	337
308	343
308	345
308	349
308	353
308	371
308	391
308	413
308	457
308	474
308	476
309	313
309	318
309	320
309	337
309	339
309	340
309	341
309	343
309	371
309	381
309	387
309	389
309	418
309	424
309	445
309	465
309	470
309	473
310	317
310	318
310	322
310	325
310	330
310	340
310	342
310	351
310	358
310	380
310	423
310	426
310	431
310	467
310	470
311	317
311	325
311	329
311	350
311	372
311	401
311	417
311	424
311	447
311	457
311	562
312	315
312	317
312	320
312	323
312	327
312	330
312	333
312	335
312	338
312	339
312	341
312	352
312	355
312	356
312	364
312	397
312	426
312	474
313	317
313	326
313	332
313	341
313	342
313	352
313	354
313	357
313	359
313	365
313	395
313	406
313	415
313	424
313	436
313	467
313	474
313	487
313	497
313	524
314	340
314	344
314	349
314	352
314	363
314	399
314	401
314	413
314	424
314	430
314	457
314	461
314	467
315	317
315	319
315	323
315	329
315	330
315	338
315	343
315	380
315	429
315	430
315	432
316	318
316	319
316	325
316	334
316	341
316	342
316	345
316	358
316	374
316	376
316	383
316	408
316	431
316	453
317	328
317	331
317	332
317	338
317	339
317	354
317	358
317	379
317	403
317	417
317	443
317	445
317	473
317	477
318	319
318	321
318	331
318	332
318	337
318	353
318	354
318	355
318	356
318	362
318	368
318	381
318	386
318	395
318	396
318	415
318	428
318	464
319	321
319	329
319	331
319	333
319	343
319	349
319	353
319	357
319	379
319	393
319	399
319	452
319	474
319	552
320	332
320	333
320	339
320	340
320	346
320	356
320	358
320	363
320	397
320	410
320	439
320	454
320	473
321	331
321	336
321	337
321	338
321	341
321	345
321	346
321	349
321	354
321	357
321	359
321	368
321	369
321	370
321	411
321	420
321	445
321	451
321	541
322	331
322	337
322	345
322	355
322	356
322	361
322	389
322	418
322	430
322	434
322	436
322	438
322	441
322	448
322	455
322	473
323	328
323	335
323	337
323	346
323	347
323	349
323	352
323	363
323	385
323	401
323	410
323	437
323	441
323	456
323	474
324	334
324	349
324	354
324	358
324	395
324	425
324	426
324	456
324	460
324	463
325	334
325	336
325	350
325	357
325	359
325	367
325	434
325	463
325	468
326	331
326	341
326	357
326	358
326	365
326	371
326	378
326	412
326	432
326	450
326	473
327	332
327	333
327	338
327	339
327	351
327	373
327	376
327	390
327	395
327	429
327	460
328	331
328	339
328	340
328	344
328	346
328	351
328	363
328	383
328	387
328	404
328	418
328	433
328	446
328	447
328	458
328	500
329	331
329	333
329	335
329	340
329	341
329	348
329	351
329	352
329	377
329	402
329	434
329	441
329	460
329	573
330	334
330	344
330	356
330	380
330	389
330	414
330	421
330	436
330	467
330	473
331	332
331	334
331	344
331	351
331	353
331	370
331	390
331	394
331	395
331	470
331	477
332	336
332	350
332	352
332	354
332	377
332	378
332	381
332	386
332	406
332	431
332	479
333	336
333	338
333	340
333	345
333	349
333	373
333	401
333	423
333	427
333	462
334	345
334	347
334	350
334	351
334	355
334	361
334	372
334	392
334	432
334	444
334	445
334	472
334	590
335	336
335	337
335	343
335	345
335	347
335	355
335	380
335	403
335	419
335	440
335	450
335	466
336	340
336	341
336	354
336	371
336	380
336	387
336	408
336	413
336	426
336	437
336	440
336	473
337	341
337	342
337	355
337	359
337	362
337	363
337	421
337	439
338	343
338	349
338	350
338	351
338	392
338	418
338	427
338	442
338	443
338	464
338	468
339	340
339	385
339	406
339	419
339	432
339	443
339	449
339	450
340	346
340	347
340	353
340	368
340	396
340	400
340	403
340	438
340	450
340	475
340	579
341	344
341	345
341	347
341	350
341	351
341	352
341	357
341	360
341	428
341	458
341	582
342	343
342	344
342	345
342	355
342	363
342	379
342	385
342	426
342	429
342	447
342	455
342	474
343	352
343	367
343	405
343	406
343	415
343	418
343	455
344	346
344	352
344	353
344	355
344	374
344	375
344	376
344	407
344	411
344	413
344	419
344	429
344	463
345	370
345	371
345	376
345	379
345	385
345	386
345	393
345	418
345	422
345	424
345	426
345	433
345	444
345	447
345	449
345	454
346	349
346	357
346	358
346	393
346	404
346	411
346	440
346	443
346	451
346	467
346	479
347	355
347	358
347	366
347	371
347	376
347	414
347	435
347	437
347	440
347	447
347	471
347	572
348	352
348	358
348	359
348	363
348	367
348	379
348	385
348	416
348	424
348	442
349	360
349	362
349	379
349	384
349	386
349	400
349	429
349	433
349	451
349	460
349	477
349	518
350	351
350	352
350	355
350	371
350	389
350	416
350	431
350	439
350	442
350	462
350	467
351	370
351	389
351	409
351	421
351	450
352	353
352	357
352	378
352	390
352	425
352	446
352	466
352	474
353	354
353	359
353	366
353	387
353	397
353	405
353	425
353	432
353	461
353	465
354	358
354	368
354	388
354	404
354	405
354	421
354	434
354	441
354	442
354	452
354	580
354	599
355	359
355	366
355	376
355	385
355	429
355	445
355	457
355	465
355	479
355	498
356	358
356	363
356	373
356	392
356	439
356	457
356	464
356	563
357	419
357	507
358	359
358	383
358	401
358	403
358	410
358	415
358	438
358	440
358	468
358	474
358	479
359	366
359	377
359	378
359	381
359	392
359	419
359	427
359	442
359	474
360	361
360	366
360	369
360	372
360	374
360	378
360	382
360	385
360	394
360	396
360	403
360	410
360	414
360	417
360	418
360	420
360	426
360	428
360	432
360	435
360	438
360	441
360	444
360	453
360	454
360	458
360	461
360	465
360	466
360	477
360	478
360	479
361	364
361	370
361	374
361	375
361	383
361	384
361	386
361	399
361	402
361	407
361	409
361	412
361	422
361	436
361	441
361	443
361	445
361	451
361	458
361	459
361	465
361	467
361	474
362	368
362	383
362	390
362	391
362	395
362	402
362	404
362	408
362	411
362	414
362	432
362	435
362	436
362	443
362	446
362	453
362	457
362	461
362	468
362	477
363	366
363	369
363	370
363	373
363	377
363	381
363	392
363	395
363	400
363	403
363	405
363	408
363	434
363	436
363	439
363	440
363	453
364	371
364	378
364	381
364	386
364	392
364	400
364	404
364	407
364	413
364	431
364	432
364	433
364	436
364	438
364	439
364	443
364	452
364	465
364	466
364	472
364	473
364	477
364	478
365	387
365	388
365	390
365	394
365	398
365	401
365	402
365	405
365	406
365	412
365	413
365	421
365	446
365	449
365	452
365	462
365	465
365	471
365	476
365	479
366	373
366	376
366	379
366	384
366	396
366	400
366	402
366	419
366	441
366	442
366	444
366	449
366	451
366	455
366	457
366	459
366	460
366	470
367	370
367	371
367	372
367	373
367	384
367	391
367	396
367	402
367	404
367	416
367	417
367	418
367	419
367	420
367	421
367	429
367	430
367	432
367	434
367	435
367	443
367	448
367	455
367	460
367	465
367	473
367	475
368	376
368	382
368	384
368	388
368	389
368	391
368	397
368	407
368	415
368	416
368	421
368	434
368	440
368	441
368	452
368	461
368	462
368	465
369	370
369	374
369	375
369	382
369	391
369	399
369	403
369	405
369	408
369	412
369	417
369	420
369	422
369	433
369	436
369	438
369	444
369	448
369	455
369	458
369	464
369	467
369	470
370	373
370	377
370	385
370	386
370	387
370	402
370	403
370	407
370	408
370	409
370	444
370	446
370	452
370	453
370	463
370	464
370	466
370	472
370	475
371	379
371	381
371	384
371	386
371	387
371	393
371	411
371	416
371	418
371	432
371	437
371	445
371	450
371	451
371	465
371	466
371	472
372	384
372	385
372	386
372	388
372	390
372	394
372	396
372	399
372	400
372	402
372	404
372	405
372	412
372	413
372	415
372	416
372	424
372	430
372	434
372	445
372	458
372	460
372	462
372	463
372	474
372	479
373	386
373	393
373	394
373	398
373	407
373	412
373	413
373	416
373	419
373	429
373	430
373	438
373	448
373	455
373	458
373	475
374	383
374	389
374	396
374	402
374	404
374	406
374	409
374	414
374	417
374	418
374	425
374	430
374	439
374	446
374	453
374	456
374	458
374	459
374	472
374	474
374	476
375	385
375	386
375	387
375	405
375	413
375	414
375	422
375	427
375	430
375	431
375	433
375	435
375	444
375	446
375	450
375	453
375	456
375	457
375	474
375	475
375	476
375	477
375	478
376	379
376	381
376	382
376	394
376	402
376	404
376	405
376	417
376	424
376	425
376	427
376	429
376	437
376	456
376	457
376	463
376	464
376	466
376	470
376	473
377	391
377	396
377	400
377	411
377	413
377	414
377	415
377	417
377	423
377	426
377	433
377	434
377	435
377	440
377	443
377	447
377	451
377	458
377	459
377	460
377	462
377	466
377	467
377	474
377	475
377	476
378	384
378	396
378	404
378	405
378	409
378	410
378	413
378	418
378	424
378	425
378	433
378	435
378	443
378	444
378	455
378	466
378	473
378	475
378	547
379	386
379	388
379	396
379	402
379	410
379	411
379	414
379	418
379	420
379	422
379	431
379	432
379	433
379	435
379	447
379	457
379	465
379	477
379	479
379	491
380	395
380	396
380	404
380	407
380	414
380	417
380	418
380	426
380	429
380	434
380	437
380	438
380	443
380	445
380	446
380	448
380	452
380	457
380	467
380	477
381	387
381	397
381	400
381	401
381	404
381	406
381	419
381	423
381	424
381	442
381	444
381	459
381	465
381	466
381	470
381	474
381	475
381	478
382	396
382	403
382	411
382	415
382	420
382	422
382	427
382	443
382	446
382	447
382	460
382	461
382	462
382	465
382	468
382	478
383	394
383	398
383	401
383	407
383	408
383	414
383	415
383	418
383	419
383	424
383	425
383	427
383	429
383	433
383	438
383	440
383	450
383	454
383	457
383	458
383	461
383	463
383	465
383	469
383	478
384	386
384	392
384	398
384	415
384	416
384	417
384	419
384	420
384	424
384	428
384	429
384	436
384	445
384	446
384	456
384	461
384	465
384	468
384	471
385	392
385	394
385	396
385	403
385	404
385	405
385	407
385	413
385	425
385	430
385	433
385	434
385	441
385	449
385	461
385	464
385	467
385	468
385	473
386	389
386	391
386	393
386	400
386	411
386	415
386	418
386	419
386	430
386	442
386	455
386	459
386	460
386	462
386	467
386	468
386	479
387	394
387	405
387	410
387	414
387	421
387	422
387	426
387	429
387	432
387	433
387	434
387	437
387	439
387	440
387	441
387	443
387	446
387	461
387	470
387	478
387	479
388	399
388	404
388	409
388	414
388	416
388	430
388	435
388	438
388	441
388	448
388	450
388	453
388	460
388	463
388	464
388	471
388	472
388	473
388	474
389	392
389	394
389	397
389	399
389	400
389	401
389	409
389	410
389	413
389	421
389	424
389	426
389	429
389	432
389	434
389	436
389	438
389	442
389	443
389	446
389	448
389	449
389	454
389	456
389	457
389	461
389	468
389	472
389	473
389	478
390	396
390	399
390	407
390	408
390	409
390	411
390	418
390	419
390	425
390	431
390	432
390	437
390	438
390	448
390	460
390	463
390	467
391	397
391	404
391	405
391	406
391	408
391	409
391	410
391	414
391	423
391	435
391	440
391	451
391	452
391	454
391	456
391	462
391	463
391	477
392	393
392	394
392	396
392	407
392	415
392	417
392	423
392	424
392	426
392	435
392	437
392	439
392	440
392	441
392	446
392	450
392	451
392	452
392	458
392	467
392	468
392	469
392	470
392	475
393	397
393	402
393	406
393	409
393	416
393	419
393	420
393	421
393	422
393	425
393	431
393	444
393	447
393	449
393	450
393	455
393	461
393	462
393	463
393	473
393	475
393	476
393	478
394	395
394	396
394	397
394	401
394	403
394	404
394	409
394	410
394	416
394	425
394	428
394	438
394	449
394	463
394	464
394	469
394	471
394	476
395	396
395	397
395	400
395	402
395	409
395	410
395	411
395	412
395	418
395	423
395	431
395	432
395	434
395	443
395	451
395	465
395	468
395	475
396	403
396	405
396	420
396	423
396	425
396	427
396	429
396	436
396	444
396	445
396	453
396	463
396	465
396	467
397	398
397	406
397	413
397	418
397	420
397	427
397	431
397	438
397	452
397	455
397	462
397	469
397	479
398	402
398	403
398	414
398	417
398	436
398	441
398	446
398	448
398	451
398	453
398	464
398	473
398	474
398	476
399	400
399	428
399	429
399	435
399	466
400	410
400	411
400	413
400	417
400	421
400	425
400	428
400	430
400	433
400	439
400	446
400	447
400	448
400	463
400	468
400	479
401	405
401	408
401	409
401	410
401	418
401	428
401	436
401	448
401	451
401	452
401	455
401	460
401	462
401	475
401	476
402	410
402	416
402	420
402	427
402	435
402	437
402	443
402	461
402	467
402	470
403	407
403	411
403	420
403	421
403	422
403	429
403	432
403	434
403	452
403	457
403	470
403	474
403	479
404	406
404	407
404	413
404	418
404	429
404	434
404	438
404	439
404	458
404	461
404	465
404	469
405	417
405	418
405	427
405	429
405	437
405	447
405	449
405	454
405	458
405	459
405	461
405	464
405	466
405	473
405	474
405	476
406	407
406	420
406	421
406	427
406	433
406	434
406	436
406	447
406	449
406	456
406	459
406	464
406	466
406	473
407	409
407	411
407	417
407	419
407	421
407	424
407	426
407	428
407	438
407	446
407	476
408	415
408	416
408	418
408	426
408	434
408	435
408	440
408	441
408	444
408	456
408	462
408	467
408	474
408	477
409	411
409	419
409	420
409	424
409	427
409	428
409	432
409	434
409	435
409	442
409	445
409	450
409	453
409	454
409	455
409	457
409	458
409	461
409	465
409	476
409	542
410	425
410	435
410	439
410	445
410	452
410	458
410	459
410	463
410	471
410	474
410	476
410	478
411	413
411	418
411	419
411	421
411	422
411	426
411	437
411	445
411	452
411	453
411	459
411	467
412	448
412	452
412	455
412	462
412	463
412	467
412	472
412	478
413	414
413	416
413	418
413	421
413	430
413	446
413	448
413	455
413	469
413	473
413	477
414	415
414	420
414	428
414	430
414	441
414	443
414	444
414	465
414	469
414	471
414	475
414	486
415	420
415	425
415	442
415	450
415	452
415	457
415	468
415	478
416	422
416	428
416	430
416	434
416	438
416	440
416	448
416	453
416	454
416	456
416	458
416	461
416	470
416	473
416	475
416	478
417	420
417	424
417	434
417	438
417	441
417	445
417	460
417	471
417	475
417	523
418	423
418	426
418	429
418	430
418	434
418	436
418	440
418	441
418	443
418	449
418	454
418	456
418	458
418	465
418	466
418	473
418	476
418	477
419	421
419	422
419	425
419	427
419	434
419	444
419	446
419	448
419	456
419	467
420	421
420	422
420	429
420	432
420	435
420	440
420	446
420	452
420	455
420	461
420	470
421	434
421	438
421	441
421	447
421	456
421	468
421	477
422	423
422	424
422	426
422	446
422	453
422	454
422	458
422	460
422	464
422	476
422	478
423	424
423	434
423	439
423	443
423	445
423	450
423	451
423	454
423	461
423	466
423	472
423	477
424	427
424	429
424	432
424	441
424	444
424	451
424	456
424	457
424	458
424	462
424	473
424	474
425	427
425	437
425	441
425	442
425	449
425	466
425	471
425	598
426	428
426	430
426	434
426	444
426	446
426	448
426	454
426	456
426	462
426	468
426	476
427	435
427	438
427	439
427	443
427	458
427	459
427	460
427	462
427	474
428	429
428	432
428	437
428	438
428	446
428	453
428	456
428	463
428	471
428	478
429	439
429	452
429	454
429	459
429	474
429	477
430	431
430	432
430	436
430	442
430	456
430	463
430	465
430	476
430	479
431	434
431	435
431	437
431	439
431	442
431	449
431	451
431	452
431	455
431	461
431	466
431	477
432	435
432	437
432	438
432	458
432	464
432	465
432	466
432	467
432	468
432	471
432	472
432	478
433	441
433	447
433	453
433	465
433	466
433	471
433	478
433	479
434	441
434	444
434	451
434	456
434	461
434	465
434	469
434	473
434	475
434	572
435	436
435	438
435	448
435	458
435	463
435	468
435	471
435	475
436	439
436	441
436	443
436	448
436	449
436	451
436	457
436	468
436	470
436	471
436	479
437	438
437	441
437	442
437	449
437	459
437	465
437	467
437	474
437	585
438	447
438	473
438	477
439	444
439	445
439	461
439	462
439	468
440	446
440	448
440	462
440	469
440	472
440	475
440	476
440	479
441	450
441	455
441	463
441	477
441	479
442	448
442	449
442	452
442	453
442	457
442	464
442	468
442	470
442	473
442	474
442	478
443	445
443	454
443	457
443	459
443	464
443	466
444	446
444	448
444	450
444	451
444	454
444	456
444	478
445	446
445	447
445	452
445	455
445	470
445	473
445	474
445	476
446	447
446	456
446	457
446	468
446	471
446	472
446	475
446	477
446	479
447	448
447	450
447	463
447	464
447	465
447	470
447	472
447	473
448	464
448	466
448	470
448	473
448	479
449	450
449	453
449	458
449	463
449	468
449	470
449	472
449	473
449	477
451	458
451	459
451	463
451	471
451	476
452	455
452	469
452	471
453	456
453	458
453	461
453	470
453	475
454	462
454	469
454	472
454	474
454	478
455	469
455	473
456	459
456	462
456	465
457	461
457	462
457	469
457	473
457	474
458	460
458	461
458	479
458	599
459	472
459	475
459	479
460	462
460	466
460	470
460	474
461	469
461	478
462	469
462	474
462	476
462	479
463	466
463	478
464	465
464	468
464	473
464	477
465	466
465	469
465	474
467	472
467	475
467	477
467	478
467	479
468	469
468	472
468	474
468	478
469	472
470	474
471	472
471	474
471	476
472	473
472	474
472	479
473	479
475	478
477	479
480	484
480	486
480	490
480	493
480	500
480	506
480	508
480	511
480	512
480	523
480	527
480	538
480	545
480	553
480	559
480	561
480	564
480	565
480	567
480	568
480	586
480	596
480	597
480	599
481	485
481	487
481	488
481	489
481	493
481	496
481	506
481	509
481	510
481	518
481	519
481	527
481	533
481	536
481	537
481	539
481	543
481	546
481	548
481	549
481	556
481	558
481	559
481	561
481	567
481	572
481	576
481	577
481	587
481	591
481	593
481	595
481	596
482	488
482	492
482	497
482	499
482	500
482	501
482	503
482	505
482	509
482	519
482	525
482	529
482	532
482	545
482	554
482	559
482	567
482	570
482	571
482	574
482	575
483	485
483	492
483	497
483	511
483	514
483	517
483	518
483	520
483	521
483	524
483	525
483	531
483	532
483	534
483	564
483	566
483	574
483	579
483	583
484	489
484	491
484	492
484	503
484	505
484	510
484	513
484	515
484	516
484	519
484	522
484	525
484	526
484	528
484	534
484	540
484	546
484	550
484	556
484	557
484	562
484	564
484	567
484	568
484	588
485	486
485	487
485	491
485	498
485	506
485	510
485	511
485	517
485	524
485	527
485	533
485	534
485	536
485	537
485	538
485	546
485	547
485	551
485	552
485	555
485	561
485	573
485	576
485	578
485	581
485	594
485	598
486	508
486	510
486	515
486	516
486	522
486	531
486	538
486	544
486	549
486	558
486	560
486	566
486	584
486	586
486	587
486	594
486	596
487	488
487	490
487	491
487	499
487	502
487	503
487	512
487	517
487	520
487	521
487	524
487	526
487	528
487	537
487	543
487	558
487	568
487	570
487	571
487	575
487	578
487	579
487	582
487	594
487	596
488	492
488	493
488	495
488	501
488	502
488	505
488	510
488	517
488	538
488	543
488	547
488	548
488	550
488	570
488	574
488	575
488	582
488	587
489	494
489	504
489	514
489	517
489	524
489	528
489	552
489	554
489	555
489	557
489	561
489	562
489	566
489	579
489	583
489	590
490	499
490	500
490	503
490	504
490	510
490	515
490	516
490	523
490	525
490	535
490	538
490	546
490	548
490	549
490	550
490	551
490	553
490	555
490	556
490	561
490	568
490	579
490	588
490	592
490	593
491	492
491	495
491	502
491	503
491	507
491	513
491	517
491	524
491	529
491	537
491	546
491	553
491	555
491	556
491	557
491	569
491	574
491	578
491	588
491	590
491	596
491	599
492	501
492	504
492	506
492	511
492	515
492	516
492	523
492	540
492	546
492	563
492	564
492	566
492	573
492	583
492	585
493	496
493	498
493	505
493	513
493	517
493	529
493	532
493	539
493	540
493	542
493	544
493	551
493	576
493	578
493	580
493	591
493	592
493	593
493	596
493	597
493	598
493	599
494	500
494	504
494	506
494	508
494	509
494	510
494	520
494	527
494	536
494	542
494	543
494	545
494	547
494	551
494	554
494	558
494	567
494	568
494	578
494	586
494	588
494	590
494	592
494	595
494	597
494	598
495	496
495	498
495	500
495	502
495	504
495	505
495	506
495	510
495	515
495	520
495	523
495	525
495	529
495	530
495	533
495	541
495	553
495	561
495	567
495	569
495	583
495	585
495	586
495	587
495	589
495	595
496	506
496	507
496	509
496	522
496	544
496	554
496	560
496	566
496	573
496	590
496	596
496	598
497	499
497	500
497	503
497	505
497	516
497	518
497	519
497	525
497	533
497	540
497	541
497	545
497	552
497	560
497	561
497	562
497	564
497	570
497	574
497	580
497	581
497	588
497	591
498	502
498	503
498	539
498	545
498	549
498	550
498	553
498	557
498	566
498	569
498	572
498	578
498	582
498	584
499	500
499	504
499	512
499	525
499	527
499	537
499	538
499	547
499	549
499	551
499	559
499	563
499	570
499	582
499	589
499	592
499	593
499	595
499	597
500	505
500	508
500	523
500	525
500	539
500	549
500	553
500	560
500	561
500	567
500	582
500	589
500	598
501	507
501	508
501	513
501	523
501	540
501	541
501	542
501	550
501	559
501	562
501	570
501	579
501	587
501	593
501	595
502	503
502	506
502	514
502	515
502	525
502	526
502	529
502	547
502	551
502	558
502	567
502	568
502	576
502	580
502	582
502	593
502	597
503	504
503	507
503	526
503	535
503	536
503	538
503	539
503	548
503	549
503	551
503	555
503	560
503	563
503	579
504	512
504	514
504	516
504	518
504	524
504	539
504	540
504	542
504	548
504	555
504	556
504	558
504	565
504	566
504	572
504	573
504	583
504	586
504	590
504	591
504	595
504	597
505	510
505	520
505	522
505	523
505	534
505	539
505	542
505	546
505	548
505	550
505	551
505	554
505	563
505	565
505	590
505	591
505	592
505	593
505	598
506	514
506	515
506	520
506	523
506	524
506	525
506	528
506	531
506	532
506	534
506	535
506	544
506	554
506	555
506	559
506	564
506	577
506	584
506	586
506	587
507	508
507	516
507	517
507	526
507	535
507	547
507	558
507	561
507	563
507	564
507	566
507	569
507	575
507	585
507	596
508	511
508	512
508	521
508	532
508	549
508	556
508	568
508	574
508	583
508	591
509	516
509	528
509	529
509	533
509	534
509	538
509	541
509	544
509	561
509	565
509	566
509	569
509	583
509	596
510	518
510	522
510	523
510	525
510	526
510	540
510	541
510	542
510	546
510	550
510	562
510	563
510	570
510	571
510	576
510	585
510	587
510	588
510	589
510	590
510	595
510	599
511	512
511	521
511	523
511	533
511	546
511	548
511	550
511	551
511	557
511	561
511	563
511	564
511	565
511	573
511	586
511	587
511	588
511	593
511	594
511	596
512	520
512	523
512	527
512	529
512	536
512	545
512	554
512	558
512	561
512	563
512	567
512	570
512	577
512	584
512	588
512	597
513	514
513	518
513	524
513	530
513	534
513	544
513	564
513	570
513	571
513	572
513	575
513	576
513	581
513	587
513	589
513	592
513	596
513	599
514	517
514	518
514	536
514	537
514	542
514	544
514	550
514	553
514	556
514	565
514	569
514	579
514	590
515	523
515	524
515	535
515	536
515	539
515	541
515	545
515	548
515	557
515	562
515	568
515	571
515	574
515	577
515	581
515	585
515	587
515	588
515	596
516	532
516	534
516	541
516	551
516	557
516	560
516	564
516	567
516	579
516	586
516	589
517	524
517	526
517	534
517	542
517	546
517	562
517	568
517	572
517	575
517	581
517	584
517	588
517	590
518	521
518	524
518	533
518	543
518	545
518	546
518	547
518	548
518	550
518	555
518	556
518	559
518	567
518	569
518	579
518	582
518	596
519	520
519	537
519	546
519	555
519	559
519	562
519	568
519	569
519	588
519	589
519	590
519	592
519	598
520	521
520	526
520	532
520	533
520	536
520	537
520	538
520	549
520	550
520	552
520	557
520	558
520	569
520	570
520	573
520	587
520	593
521	524
521	529
521	535
521	538
521	540
521	547
521	554
521	561
521	562
521	563
521	577
521	582
521	583
521	591
521	594
522	524
522	527
522	528
522	536
522	540
522	544
522	548
522	553
522	554
522	558
522	567
522	568
522	572
522	579
522	580
522	592
522	598
522	599
523	527
523	532
523	538
523	542
523	549
523	552
523	553
523	564
523	566
523	567
523	572
523	575
523	583
523	588
523	591
524	529
524	533
524	534
524	541
524	542
524	543
524	545
524	549
524	551
524	553
524	555
524	568
524	574
524	575
524	581
524	584
524	587
524	597
525	526
525	528
525	531
525	534
525	539
525	545
525	548
525	549
525	550
525	553
525	558
525	560
525	570
525	588
525	589
525	592
525	595
525	596
526	530
526	533
526	534
526	552
526	555
526	557
526	570
526	572
526	576
526	585
526	586
526	590
526	591
526	597
526	599
527	532
527	545
527	548
527	550
527	551
527	552
527	569
527	579
527	588
527	589
527	591
527	593
527	596
528	529
528	532
528	534
528	535
528	539
528	540
528	544
528	549
528	565
528	571
528	573
528	584
528	595
529	536
529	537
529	542
529	544
529	548
529	557
529	559
529	567
529	569
529	572
529	583
529	588
530	531
530	545
530	546
530	549
530	550
530	554
530	558
530	559
530	568
530	576
530	582
531	532
531	537
531	544
531	546
531	548
531	550
531	558
531	564
531	580
531	590
531	598
532	539
532	541
532	542
532	543
532	544
532	557
532	562
532	567
532	568
532	571
532	574
532	576
532	581
532	594
532	597
533	536
533	542
533	544
533	555
533	557
533	563
533	565
533	567
533	580
533	586
533	592
533	599
534	535
534	537
534	549
534	551
534	552
534	553
534	556
534	570
534	571
534	578
534	581
534	585
534	588
534	592
534	597
534	599
535	536
535	544
535	545
535	546
535	547
535	549
535	551
535	564
535	569
535	570
535	571
535	575
535	583
535	589
535	596
535	597
535	599
536	548
536	549
536	554
536	565
536	567
536	571
536	576
536	577
536	597
537	551
537	554
537	559
537	561
537	569
537	570
537	571
537	576
537	577
537	578
537	580
537	584
537	591
537	592
537	596
537	597
538	543
538	545
538	552
538	560
538	572
538	574
538	575
538	578
538	583
538	588
538	589
538	593
539	548
539	549
539	550
539	556
539	559
539	569
539	580
539	589
539	597
540	541
540	556
540	565
540	567
540	570
540	573
540	580
540	582
541	549
541	551
541	556
541	583
541	586
541	587
541	593
542	543
542	545
542	557
542	558
542	564
542	565
542	566
542	578
542	579
542	584
542	587
542	590
542	591
543	545
543	547
543	549
543	562
543	563
543	571
543	573
543	588
544	547
544	553
544	569
544	577
544	582
544	584
544	587
544	588
544	589
544	591
544	592
544	593
544	596
545	549
545	551
545	554
545	556
545	558
545	559
545	577
545	579
545	584
545	586
545	587
545	589
545	590
545	592
546	550
546	556
546	562
546	565
546	571
546	575
546	578
546	579
546	580
546	583
546	590
546	591
546	592
547	552
547	555
547	560
547	562
547	566
547	569
547	576
547	579
547	580
547	589
548	549
548	553
548	558
548	563
548	573
548	578
548	586
548	588
548	589
548	592
549	555
549	558
549	559
549	581
549	583
549	589
549	592
549	596
550	552
550	554
550	555
550	556
550	560
550	562
550	569
550	579
550	590
551	552
551	553
551	554
551	557
551	562
551	564
551	568
551	569
551	571
551	581
551	583
551	598
551	599
552	571
552	574
552	578
552	583
552	584
552	587
552	594
553	559
553	563
553	566
553	567
553	569
553	577
553	579
553	591
553	597
554	558
554	566
554	569
554	570
554	574
554	578
554	581
554	591
555	560
555	562
555	571
555	576
555	577
555	582
555	593
556	566
556	572
556	574
556	575
556	578
556	582
556	585
556	595
556	598
557	561
557	565
557	569
557	581
557	594
557	596
557	597
558	566
558	567
558	577
558	580
558	582
558	596
558	599
559	562
559	564
559	579
559	590
559	599
560	561
560	569
560	572
560	583
560	588
560	589
560	598
561	574
561	578
561	590
561	592
561	596
562	563
562	564
562	582
562	592
562	595
562	596
562	597
563	570
563	571
563	577
563	578
563	582
563	584
563	591
563	593
563	598
564	571
564	574
564	579
564	581
564	583
564	584
564	591
564	592
564	597
565	578
565	581
565	583
565	590
565	591
565	598
566	567
566	575
566	579
566	580
566	590
566	595
567	577
567	581
567	585
567	588
567	592
567	598
567	599
568	573
568	577
568	582
568	588
568	589
568	595
569	576
569	583
569	589
569	591
569	592
570	571
570	573
570	581
570	583
570	585
570	586
570	588
570	589
570	594
571	572
571	573
571	575
571	580
571	581
571	583
571	587
571	589
571	590
571	592
571	595
571	597
572	578
572	583
572	584
572	585
572	588
572	592
572	599
573	574
573	576
573	582
573	591
573	594
573	597
573	599
574	579
574	589
574	591
574	593
574	595
574	599
575	577
575	579
575	581
575	582
575	584
575	586
575	598
576	578
576	581
576	588
576	592
576	595
576	596
576	597
577	581
577	591
578	579
578	582
578	588
578	589
578	591
579	580
579	591
579	595
579	598
580	583
580	585
580	590
580	598
580	599
581	582
582	586
582	589
582	593
582	594
582	599
583	585
583	589
583	594
584	585
584	586
585	587
585	589
585	592
585	593
585	596
586	591
586	594
586	597
587	589
588	599
589	595
590	591
591	592
595	596
