# k = 5
# N = 600
# alpha = 6
# beta = 0.666666666667
# Qe = 0.4
#	FromNodeId	ToNodeId
0	5
0	8
0	9
0	13
0	15
0	16
0	18
0	29
0	30
0	34
0	38
0	41
0	46
0	55
0	56
0	65
0	72
0	74
0	76
0	78
0	82
0	83
0	88
0	97
0	109
0	110
0	115
0	159
0	244
0	251
0	253
0	272
0	377
0	417
0	529
0	589
1	5
1	13
1	14
1	17
1	23
1	24
1	26
1	27
1	31
1	34
1	40
1	59
1	61
1	67
1	68
1	83
1	84
1	89
1	93
1	98
1	106
1	108
1	119
1	170
1	223
1	262
1	324
1	341
1	369
1	392
1	482
1	485
1	554
1	570
1	578
2	3
2	8
2	9
2	11
2	17
2	25
2	32
2	34
2	37
2	38
2	43
2	45
2	50
2	57
2	58
2	60
2	67
2	69
2	72
2	77
2	78
2	88
2	89
2	98
2	99
2	104
2	106
2	179
2	379
2	384
2	391
2	450
2	569
3	9
3	11
3	16
3	17
3	23
3	25
3	28
3	33
3	36
3	39
3	41
3	43
3	45
3	46
3	48
3	50
3	54
3	60
3	68
3	69
3	74
3	80
3	88
3	93
3	98
3	103
3	464
3	483
3	519
3	533
3	534
3	556
3	557
4	10
4	11
4	13
4	44
4	45
4	48
4	55
4	61
4	62
4	70
4	71
4	73
4	82
4	83
4	89
4	90
4	100
4	106
4	107
4	108
4	110
4	111
4	115
4	118
4	119
4	261
4	279
4	317
4	353
4	376
4	394
4	434
4	526
4	556
4	584
5	11
5	13
5	17
5	20
5	21
5	31
5	32
5	33
5	40
5	41
5	43
5	44
5	49
5	50
5	58
5	61
5	62
5	81
5	82
5	85
5	90
5	91
5	95
5	102
5	103
5	105
5	106
5	110
5	119
5	280
5	353
5	385
5	421
5	519
5	574
5	580
5	585
5	590
6	8
6	10
6	11
6	12
6	15
6	17
6	27
6	29
6	30
6	37
6	39
6	40
6	41
6	42
6	44
6	46
6	50
6	59
6	64
6	71
6	77
6	78
6	82
6	85
6	86
6	88
6	92
6	93
6	94
6	97
6	99
6	308
6	367
6	387
6	395
6	413
6	497
6	499
6	536
6	537
6	596
7	8
7	19
7	20
7	23
7	26
7	32
7	33
7	35
7	53
7	64
7	72
7	74
7	77
7	82
7	83
7	85
7	90
7	92
7	100
7	422
7	487
7	501
7	510
7	527
7	555
8	9
8	14
8	16
8	23
8	29
8	31
8	34
8	38
8	44
8	45
8	49
8	71
8	82
8	89
8	90
8	96
8	98
8	101
8	103
8	106
8	113
8	115
8	117
8	119
8	260
8	284
8	347
8	359
8	520
8	552
8	557
8	561
8	578
9	13
9	15
9	16
9	17
9	22
9	23
9	27
9	28
9	42
9	44
9	50
9	51
9	54
9	58
9	67
9	68
9	70
9	75
9	81
9	88
9	98
9	99
9	104
9	107
9	110
9	113
9	196
9	320
9	335
9	353
9	403
9	455
9	511
9	549
9	581
9	588
10	11
10	13
10	15
10	16
10	24
10	35
10	40
10	42
10	48
10	54
10	56
10	58
10	59
10	61
10	62
10	63
10	64
10	71
10	74
10	85
10	88
10	91
10	92
10	94
10	96
10	102
10	105
10	110
10	119
10	266
10	395
10	398
10	459
10	510
10	544
10	545
10	568
10	589
11	12
11	15
11	17
11	21
11	28
11	36
11	38
11	43
11	47
11	51
11	52
11	53
11	63
11	64
11	65
11	67
11	69
11	81
11	83
11	84
11	96
11	97
11	99
11	100
11	103
11	104
11	106
11	107
11	118
11	349
11	373
11	490
11	595
12	17
12	18
12	25
12	28
12	31
12	33
12	34
12	35
12	39
12	41
12	42
12	51
12	53
12	55
12	64
12	71
12	84
12	85
12	89
12	93
12	97
12	105
12	111
12	115
12	118
12	119
12	442
12	461
12	526
12	549
13	14
13	19
13	21
13	22
13	23
13	24
13	25
13	26
13	28
13	31
13	32
13	36
13	40
13	45
13	46
13	50
13	51
13	55
13	58
13	62
13	66
13	71
13	75
13	78
13	85
13	90
13	91
13	97
13	105
13	108
13	109
13	112
13	117
13	361
13	403
13	485
13	502
13	555
13	575
13	599
14	25
14	28
14	30
14	35
14	41
14	43
14	50
14	57
14	59
14	61
14	62
14	64
14	71
14	72
14	84
14	87
14	94
14	95
14	96
14	104
14	105
14	110
14	113
14	268
14	273
14	414
14	424
14	447
14	500
14	508
14	569
14	577
14	596
15	17
15	22
15	25
15	26
15	31
15	34
15	36
15	42
15	45
15	50
15	51
15	56
15	67
15	68
15	70
15	73
15	76
15	77
15	79
15	86
15	87
15	89
15	90
15	92
15	95
15	97
15	98
15	106
15	108
15	109
15	114
15	115
15	118
15	245
15	296
15	379
15	453
15	512
15	548
16	18
16	19
16	22
16	27
16	29
16	30
16	38
16	40
16	41
16	45
16	62
16	71
16	75
16	78
16	84
16	94
16	96
16	103
16	106
16	107
16	108
16	113
16	114
16	115
16	117
16	261
16	479
16	546
16	565
16	578
17	26
17	33
17	36
17	42
17	53
17	57
17	58
17	63
17	68
17	73
17	85
17	87
17	91
17	96
17	107
17	110
17	111
17	213
17	321
17	330
17	454
17	486
17	491
17	535
17	549
17	577
18	19
18	24
18	29
18	30
18	35
18	36
18	37
18	46
18	53
18	58
18	69
18	73
18	78
18	79
18	80
18	84
18	86
18	94
18	98
18	99
18	110
18	111
18	114
18	118
18	263
18	267
18	307
18	390
18	402
18	463
18	521
18	523
18	598
19	25
19	26
19	34
19	35
19	40
19	42
19	43
19	45
19	49
19	56
19	68
19	71
19	74
19	82
19	83
19	90
19	93
19	97
19	99
19	100
19	107
19	108
19	114
19	115
19	282
19	308
19	312
19	381
19	490
19	496
19	502
19	503
19	514
19	561
19	562
19	574
19	597
19	598
20	23
20	26
20	33
20	38
20	42
20	45
20	46
20	53
20	56
20	58
20	59
20	63
20	69
20	70
20	72
20	91
20	97
20	98
20	104
20	109
20	112
20	113
20	177
20	331
20	336
20	375
20	380
20	451
20	532
20	533
20	570
20	571
21	30
21	31
21	38
21	45
21	51
21	53
21	55
21	57
21	65
21	78
21	83
21	84
21	89
21	91
21	101
21	105
21	114
21	115
21	116
21	117
21	118
21	484
21	524
21	536
21	584
21	591
22	24
22	25
22	28
22	31
22	40
22	42
22	46
22	49
22	56
22	59
22	81
22	83
22	85
22	93
22	95
22	100
22	103
22	105
22	107
22	108
22	113
22	117
22	249
22	360
22	381
22	389
22	486
22	491
22	548
22	584
22	586
23	27
23	33
23	39
23	46
23	49
23	51
23	56
23	59
23	61
23	62
23	63
23	67
23	70
23	71
23	74
23	77
23	82
23	83
23	87
23	89
23	90
23	91
23	94
23	96
23	98
23	100
23	101
23	118
23	320
23	358
23	501
23	523
23	531
23	533
24	26
24	28
24	33
24	42
24	43
24	44
24	46
24	52
24	59
24	60
24	66
24	68
24	69
24	73
24	81
24	82
24	83
24	84
24	85
24	86
24	93
24	98
24	104
24	110
24	111
24	112
24	118
24	272
24	392
24	449
24	457
24	510
24	544
24	592
25	27
25	31
25	47
25	56
25	57
25	62
25	63
25	80
25	87
25	108
25	117
25	307
25	429
25	434
25	448
25	460
25	469
25	523
26	30
26	32
26	33
26	42
26	43
26	44
26	51
26	53
26	56
26	59
26	61
26	63
26	65
26	66
26	67
26	69
26	70
26	75
26	86
26	87
26	91
26	94
26	96
26	100
26	104
26	105
26	108
26	114
26	116
26	118
26	269
26	400
26	423
26	442
26	480
26	487
26	491
26	492
27	28
27	29
27	30
27	32
27	33
27	34
27	35
27	36
27	43
27	44
27	45
27	47
27	48
27	49
27	52
27	56
27	60
27	66
27	70
27	72
27	75
27	77
27	84
27	86
27	89
27	90
27	93
27	98
27	102
27	112
27	116
27	392
27	493
27	508
27	510
27	598
28	30
28	34
28	40
28	41
28	47
28	49
28	50
28	51
28	57
28	70
28	72
28	78
28	86
28	87
28	88
28	93
28	95
28	96
28	101
28	114
28	394
28	438
28	474
28	480
28	491
28	513
28	520
28	570
28	579
28	589
29	31
29	32
29	35
29	37
29	43
29	45
29	55
29	59
29	65
29	69
29	72
29	73
29	74
29	78
29	79
29	80
29	82
29	91
29	94
29	99
29	101
29	104
29	109
29	110
29	111
29	112
29	118
29	260
29	317
29	431
29	447
29	526
29	532
29	557
29	573
29	588
29	596
30	32
30	34
30	37
30	39
30	53
30	54
30	57
30	58
30	62
30	63
30	70
30	79
30	85
30	86
30	98
30	104
30	105
30	108
30	109
30	452
30	499
30	582
31	32
31	35
31	44
31	46
31	48
31	58
31	60
31	72
31	73
31	74
31	80
31	82
31	84
31	85
31	87
31	90
31	104
31	106
31	113
31	255
31	368
31	508
31	511
31	549
31	590
31	596
32	34
32	37
32	39
32	41
32	42
32	45
32	46
32	47
32	50
32	53
32	57
32	58
32	60
32	62
32	66
32	71
32	74
32	75
32	84
32	86
32	90
32	91
32	92
32	93
32	94
32	95
32	100
32	117
32	119
32	358
32	392
32	473
32	500
32	504
32	537
32	567
33	49
33	55
33	71
33	72
33	77
33	81
33	86
33	87
33	90
33	92
33	94
33	98
33	99
33	109
33	113
33	119
33	243
33	345
33	399
33	464
33	481
33	482
33	571
33	586
34	36
34	39
34	41
34	43
34	44
34	47
34	60
34	67
34	69
34	72
34	75
34	77
34	86
34	97
34	98
34	101
34	109
34	112
34	116
34	235
34	455
34	521
34	527
34	536
34	551
34	567
35	38
35	40
35	44
35	49
35	66
35	70
35	78
35	84
35	89
35	100
35	104
35	105
35	108
35	116
35	210
35	272
35	491
35	504
35	527
35	575
36	40
36	47
36	50
36	51
36	59
36	60
36	62
36	63
36	68
36	71
36	77
36	81
36	83
36	87
36	88
36	92
36	94
36	97
36	102
36	114
36	117
36	574
36	597
37	49
37	51
37	53
37	56
37	61
37	62
37	64
37	67
37	69
37	73
37	75
37	83
37	85
37	89
37	98
37	99
37	102
37	104
37	110
37	113
37	114
37	438
37	519
38	39
38	40
38	41
38	44
38	45
38	46
38	47
38	50
38	52
38	58
38	62
38	65
38	82
38	89
38	98
38	103
38	106
38	110
38	111
38	113
38	115
38	457
38	480
39	44
39	49
39	57
39	59
39	61
39	66
39	70
39	75
39	77
39	79
39	84
39	97
39	111
39	114
39	115
39	116
39	117
39	241
39	324
39	335
39	427
39	461
39	476
39	480
39	483
39	519
39	564
39	577
39	578
40	51
40	52
40	56
40	65
40	74
40	77
40	94
40	98
40	100
40	102
40	105
40	107
40	157
40	223
40	322
40	327
40	338
40	348
40	381
40	528
40	558
40	579
41	42
41	49
41	50
41	53
41	62
41	67
41	69
41	72
41	77
41	84
41	85
41	103
41	106
41	108
41	109
41	112
41	113
41	118
41	291
41	302
41	305
41	363
41	408
41	410
41	433
41	438
41	468
42	48
42	53
42	57
42	70
42	76
42	77
42	79
42	84
42	85
42	103
42	104
42	106
42	117
42	118
42	197
42	352
42	407
42	457
42	498
42	502
42	510
43	51
43	52
43	58
43	60
43	80
43	83
43	84
43	88
43	96
43	100
43	105
43	108
43	109
43	131
43	360
43	420
43	450
43	472
43	499
43	527
43	547
43	595
44	49
44	51
44	64
44	65
44	69
44	95
44	97
44	99
44	100
44	105
44	107
44	113
44	114
44	116
44	269
44	410
44	455
44	464
44	509
44	555
44	572
45	47
45	48
45	53
45	55
45	57
45	61
45	69
45	72
45	79
45	82
45	83
45	87
45	98
45	101
45	105
45	106
45	115
45	119
45	250
45	561
45	576
45	577
45	579
45	581
46	53
46	65
46	68
46	84
46	85
46	88
46	90
46	93
46	95
46	96
46	97
46	98
46	100
46	102
46	103
46	114
46	118
46	316
46	338
46	366
46	377
46	385
46	422
46	429
46	519
46	524
46	554
46	555
46	590
47	51
47	52
47	57
47	58
47	59
47	64
47	67
47	72
47	82
47	84
47	85
47	90
47	99
47	105
47	106
47	107
47	111
47	112
47	113
47	118
47	119
47	264
47	385
47	502
47	568
47	577
48	57
48	60
48	66
48	68
48	71
48	73
48	74
48	76
48	82
48	90
48	96
48	101
48	102
48	107
48	109
48	110
48	112
48	114
48	117
48	385
48	408
48	414
48	439
48	469
48	514
48	528
48	534
48	537
48	539
48	548
48	594
49	51
49	54
49	59
49	66
49	68
49	69
49	70
49	74
49	76
49	77
49	78
49	79
49	83
49	87
49	102
49	106
49	110
49	113
49	117
49	219
49	264
49	292
49	301
49	384
49	402
49	411
49	423
49	452
49	515
49	559
50	52
50	57
50	60
50	64
50	65
50	67
50	70
50	71
50	72
50	83
50	84
50	87
50	93
50	97
50	99
50	103
50	116
50	118
50	181
50	251
50	408
50	409
50	413
50	527
50	530
50	541
50	556
50	564
50	576
51	52
51	61
51	63
51	65
51	71
51	77
51	83
51	85
51	93
51	96
51	99
51	101
51	102
51	106
51	350
51	377
51	406
51	463
51	471
51	491
51	501
51	559
51	578
51	597
52	60
52	62
52	63
52	67
52	69
52	70
52	72
52	75
52	79
52	90
52	92
52	93
52	97
52	101
52	109
52	113
52	115
52	358
52	375
52	383
52	403
52	500
53	61
53	63
53	65
53	66
53	68
53	77
53	79
53	80
53	82
53	86
53	90
53	93
53	94
53	107
53	109
53	110
53	117
53	119
53	228
53	252
53	256
53	312
53	338
53	436
53	504
53	519
53	548
53	582
53	591
53	597
54	59
54	63
54	71
54	82
54	84
54	86
54	89
54	93
54	94
54	99
54	102
54	106
54	107
54	111
54	298
54	320
54	326
54	406
54	435
54	439
54	479
54	501
54	585
55	57
55	59
55	71
55	73
55	75
55	81
55	82
55	84
55	87
55	92
55	94
55	104
55	110
55	113
55	346
55	419
55	464
55	495
55	537
55	589
56	62
56	65
56	72
56	75
56	81
56	82
56	83
56	93
56	96
56	97
56	99
56	103
56	110
56	112
56	115
56	117
56	367
56	393
56	449
56	458
56	497
56	502
56	583
57	58
57	60
57	62
57	67
57	68
57	69
57	71
57	72
57	87
57	89
57	95
57	97
57	109
57	110
57	119
57	284
57	383
57	432
57	506
57	515
57	552
57	593
58	62
58	64
58	69
58	70
58	78
58	81
58	85
58	86
58	97
58	98
58	107
58	109
58	111
58	116
58	117
58	388
58	408
58	536
58	546
58	558
58	598
59	61
59	70
59	88
59	92
59	100
59	104
59	108
59	116
59	176
59	265
59	280
59	316
59	320
59	450
59	453
59	489
60	62
60	69
60	75
60	80
60	83
60	84
60	86
60	87
60	95
60	98
60	105
60	106
60	111
60	115
60	116
60	119
60	368
60	421
60	451
60	480
60	520
60	592
61	71
61	80
61	93
61	99
61	100
61	105
61	107
61	119
61	134
61	347
61	400
61	421
61	469
61	499
61	511
61	517
61	527
61	528
61	575
62	67
62	68
62	70
62	71
62	73
62	76
62	85
62	87
62	101
62	103
62	107
62	113
62	115
62	182
62	290
62	345
62	420
62	441
62	454
62	470
62	530
62	534
62	547
62	557
62	589
62	594
63	64
63	65
63	76
63	82
63	86
63	90
63	94
63	96
63	102
63	103
63	107
63	112
63	114
63	116
63	245
63	278
63	312
63	391
63	405
63	464
63	495
63	533
63	549
63	555
64	65
64	69
64	72
64	85
64	91
64	92
64	101
64	104
64	105
64	110
64	112
64	113
64	118
64	119
64	244
64	286
64	366
64	482
64	498
64	500
64	548
64	586
65	67
65	72
65	75
65	79
65	82
65	85
65	98
65	99
65	101
65	106
65	113
65	118
65	298
65	327
65	460
65	494
65	505
65	523
66	70
66	77
66	79
66	80
66	83
66	95
66	97
66	101
66	102
66	109
66	114
66	115
66	117
66	119
66	244
66	291
66	334
66	347
66	426
66	476
66	522
66	528
66	530
66	534
66	579
67	70
67	71
67	74
67	83
67	86
67	89
67	94
67	101
67	102
67	103
67	113
67	115
67	118
67	314
67	425
67	456
67	473
67	496
67	497
67	518
67	562
68	70
68	73
68	76
68	77
68	83
68	85
68	88
68	95
68	96
68	98
68	102
68	113
68	115
68	331
68	388
68	412
68	413
68	424
68	470
68	498
68	505
68	571
68	573
69	70
69	72
69	77
69	93
69	95
69	104
69	109
69	110
69	112
69	115
69	243
69	338
69	415
69	434
69	512
69	518
69	565
69	593
70	73
70	76
70	93
70	101
70	108
70	111
70	437
70	498
70	511
70	529
70	572
71	72
71	80
71	81
71	88
71	99
71	101
71	105
71	107
71	108
71	115
71	116
71	119
71	258
71	554
72	78
72	79
72	80
72	84
72	91
72	92
72	109
72	116
72	118
72	119
72	228
72	397
72	485
72	555
72	566
73	81
73	84
73	93
73	103
73	105
73	106
73	111
73	112
73	114
73	277
73	322
73	346
73	358
73	393
73	398
73	403
73	472
73	495
73	583
74	78
74	79
74	80
74	84
74	85
74	92
74	109
74	112
74	115
74	119
74	154
74	303
74	363
74	397
74	442
74	463
74	549
74	555
74	578
74	587
75	78
75	80
75	86
75	88
75	91
75	92
75	94
75	96
75	101
75	102
75	107
75	109
75	114
75	298
75	305
75	348
75	356
75	369
75	529
75	578
75	593
76	77
76	80
76	81
76	85
76	91
76	98
76	102
76	104
76	105
76	107
76	116
76	117
76	293
76	386
76	443
76	528
76	560
76	566
76	587
77	82
77	84
77	89
77	90
77	91
77	92
77	93
77	100
77	108
77	114
77	261
77	410
77	465
77	543
78	89
78	97
78	101
78	105
78	108
78	110
78	117
78	244
78	353
78	433
78	461
78	496
78	558
78	573
78	594
79	82
79	83
79	84
79	87
79	88
79	89
79	97
79	98
79	102
79	112
79	115
79	118
79	119
79	216
79	254
79	315
79	358
79	441
79	517
79	565
80	87
80	91
80	94
80	95
80	97
80	101
80	102
80	103
80	105
80	106
80	112
80	116
80	216
80	390
80	545
80	554
80	589
81	85
81	87
81	106
81	107
81	108
81	354
81	391
81	394
81	483
81	493
81	507
81	562
81	576
82	89
82	95
82	98
82	99
82	102
82	107
82	109
82	112
82	162
82	225
82	348
82	382
82	394
82	442
82	455
82	457
82	476
82	480
82	497
82	503
82	554
82	574
83	85
83	86
83	91
83	97
83	98
83	100
83	102
83	265
83	303
83	321
83	438
83	445
83	496
83	507
83	549
83	550
84	86
84	87
84	88
84	90
84	92
84	95
84	97
84	98
84	105
84	109
84	110
84	114
84	118
84	119
84	343
84	344
84	453
85	90
85	94
85	95
85	96
85	98
85	100
85	108
85	110
85	112
85	145
85	289
85	292
85	431
85	465
85	483
85	508
85	535
85	560
85	571
85	579
86	94
86	96
86	107
86	111
86	112
86	114
86	115
86	116
86	117
86	119
86	161
86	231
86	356
86	389
86	407
86	527
86	565
86	593
87	88
87	90
87	92
87	93
87	94
87	104
87	109
87	116
87	119
87	270
87	308
87	324
87	363
87	408
87	410
87	460
87	577
88	91
88	97
88	100
88	101
88	103
88	108
88	113
88	278
88	388
88	407
88	497
88	500
88	516
88	534
88	564
88	575
88	593
89	93
89	96
89	97
89	100
89	108
89	111
89	114
89	238
89	297
89	384
89	386
89	494
89	580
90	93
90	96
90	101
90	107
90	110
90	111
90	114
90	116
90	373
90	399
90	432
90	441
90	445
90	495
90	519
90	546
90	554
91	92
91	94
91	99
91	102
91	106
91	110
91	111
91	116
91	255
91	282
91	370
91	472
91	575
91	578
91	593
92	95
92	107
92	113
92	199
92	274
92	333
92	391
92	436
92	452
92	483
92	505
92	513
92	521
92	535
92	552
92	583
92	593
93	96
93	103
93	113
93	117
93	118
93	143
93	334
93	342
93	578
93	588
94	99
94	107
94	116
94	310
94	368
94	376
94	454
94	460
94	585
95	106
95	109
95	111
95	116
95	338
95	353
95	418
95	430
95	444
95	445
95	487
95	544
96	109
96	112
96	115
96	117
96	248
96	261
96	299
96	313
96	427
96	526
96	557
97	110
97	116
97	118
97	119
97	225
97	240
97	243
97	431
97	480
97	507
97	530
97	545
97	549
97	569
97	575
98	99
98	114
98	119
98	253
98	428
98	476
98	481
98	492
98	512
98	520
98	522
98	539
98	541
98	579
99	104
99	106
99	109
99	111
99	114
99	117
99	118
99	119
99	352
99	373
99	393
99	402
99	491
99	511
99	522
99	539
99	550
99	568
99	571
99	574
100	102
100	113
100	117
100	265
100	390
100	433
100	520
100	521
100	533
101	108
101	118
101	300
101	323
101	396
101	402
101	419
101	540
101	541
101	559
102	103
102	112
102	328
102	382
102	411
102	419
102	434
102	490
102	523
102	580
103	106
103	112
103	114
103	116
103	263
103	291
103	314
103	322
103	418
103	428
103	481
103	515
103	529
103	560
103	567
103	578
104	113
104	115
104	116
104	253
104	262
104	267
104	322
104	396
104	437
104	443
104	456
104	497
104	506
104	537
105	106
105	111
105	113
105	114
105	115
105	119
105	127
105	270
105	316
105	435
105	437
105	487
105	531
105	545
105	599
106	107
106	108
106	110
106	111
106	116
106	378
106	380
106	483
106	488
106	508
106	512
106	533
106	540
106	562
106	568
106	574
107	108
107	110
107	205
107	303
107	313
107	372
107	496
107	497
107	555
107	566
107	596
108	110
108	114
108	117
108	118
108	119
108	267
108	284
108	374
108	454
108	484
108	502
108	517
108	538
108	576
108	577
108	599
109	115
109	116
109	117
109	119
109	395
109	451
109	501
109	517
109	533
109	563
109	572
109	587
109	595
110	111
110	118
110	266
110	324
110	367
110	456
110	488
110	560
110	578
110	583
111	117
111	273
111	343
111	386
111	456
111	481
111	529
111	550
111	557
111	582
111	593
111	599
112	116
112	402
112	426
112	432
112	460
112	503
112	515
112	524
112	549
113	116
113	119
113	259
113	326
113	335
113	476
113	477
113	488
113	518
113	547
113	558
113	576
113	580
114	118
114	242
114	349
114	494
114	505
114	515
115	133
115	333
115	367
115	491
115	528
115	561
115	578
116	286
116	374
116	395
116	424
116	463
116	469
116	497
116	568
116	580
117	118
117	472
117	478
117	490
117	492
117	539
117	553
117	560
117	573
118	304
118	461
118	494
118	526
118	578
118	592
119	289
119	341
119	422
119	495
119	505
119	582
119	585
120	124
120	128
120	129
120	133
120	136
120	138
120	147
120	150
120	151
120	156
120	158
120	173
120	174
120	180
120	188
120	190
120	191
120	199
120	200
120	201
120	206
120	212
120	214
120	215
120	221
120	222
120	226
120	228
120	233
120	238
120	289
120	290
120	309
120	344
120	386
120	438
120	445
121	132
121	135
121	139
121	141
121	143
121	147
121	148
121	153
121	162
121	167
121	168
121	169
121	174
121	178
121	179
121	182
121	184
121	185
121	191
121	200
121	205
121	209
121	220
121	227
121	230
121	234
121	237
121	265
121	272
121	290
121	293
121	332
121	353
121	380
122	127
122	128
122	136
122	137
122	138
122	149
122	152
122	158
122	162
122	163
122	165
122	166
122	169
122	173
122	181
122	182
122	184
122	188
122	195
122	196
122	199
122	202
122	209
122	210
122	211
122	212
122	213
122	217
122	225
122	229
122	230
122	231
122	234
122	236
122	262
122	264
122	287
122	321
122	348
122	349
122	350
122	357
122	395
122	455
123	127
123	130
123	132
123	133
123	134
123	139
123	141
123	151
123	177
123	183
123	194
123	202
123	203
123	206
123	208
123	212
123	220
123	221
123	223
123	231
123	255
123	256
123	298
123	338
123	348
123	349
123	353
123	412
124	125
124	127
124	128
124	130
124	131
124	134
124	140
124	141
124	144
124	147
124	148
124	152
124	155
124	158
124	161
124	162
124	166
124	169
124	173
124	175
124	178
124	184
124	188
124	191
124	202
124	205
124	206
124	207
124	208
124	214
124	218
124	221
124	224
124	232
124	244
124	252
124	259
124	274
124	280
124	294
124	345
124	348
124	349
124	389
124	397
125	128
125	140
125	147
125	149
125	150
125	155
125	157
125	159
125	163
125	166
125	167
125	169
125	171
125	175
125	190
125	205
125	208
125	210
125	211
125	214
125	220
125	222
125	224
125	228
125	229
125	230
125	239
125	247
125	271
125	292
125	303
125	308
125	316
125	350
125	404
125	426
125	443
125	455
126	127
126	128
126	129
126	133
126	134
126	137
126	143
126	145
126	146
126	147
126	148
126	150
126	151
126	152
126	155
126	157
126	162
126	166
126	172
126	177
126	179
126	181
126	187
126	200
126	201
126	207
126	210
126	211
126	217
126	221
126	224
126	226
126	228
126	229
126	230
126	234
126	236
126	237
126	243
126	249
126	289
126	293
126	303
126	317
126	341
126	455
127	135
127	145
127	147
127	149
127	150
127	151
127	154
127	157
127	167
127	168
127	172
127	173
127	179
127	192
127	197
127	203
127	209
127	210
127	216
127	218
127	219
127	220
127	230
127	240
127	265
127	284
127	286
127	305
127	352
127	357
127	387
127	391
127	553
128	133
128	136
128	141
128	144
128	145
128	149
128	151
128	164
128	169
128	181
128	188
128	194
128	195
128	196
128	197
128	198
128	200
128	204
128	208
128	209
128	213
128	216
128	218
128	219
128	222
128	225
128	226
128	227
128	231
128	236
128	241
128	271
128	274
128	275
128	290
128	291
128	333
128	339
128	340
128	345
128	346
128	423
129	131
129	136
129	138
129	144
129	152
129	153
129	155
129	156
129	161
129	165
129	167
129	170
129	177
129	178
129	180
129	181
129	187
129	188
129	196
129	200
129	210
129	211
129	212
129	214
129	224
129	229
129	230
129	232
129	243
129	251
129	261
129	273
129	284
129	308
129	309
129	315
129	325
129	333
129	334
129	338
129	416
129	450
129	477
130	131
130	137
130	143
130	144
130	146
130	148
130	152
130	155
130	157
130	158
130	159
130	162
130	166
130	167
130	171
130	172
130	179
130	191
130	193
130	196
130	207
130	209
130	211
130	212
130	216
130	220
130	222
130	225
130	228
130	234
130	238
130	243
130	255
130	260
130	262
130	268
130	317
130	353
130	357
130	370
130	372
131	135
131	142
131	144
131	145
131	149
131	151
131	157
131	160
131	163
131	166
131	168
131	174
131	177
131	181
131	184
131	194
131	197
131	198
131	199
131	203
131	204
131	205
131	211
131	215
131	216
131	221
131	230
131	234
131	238
131	257
131	270
131	272
131	273
131	295
131	336
131	338
131	352
131	442
131	445
132	137
132	138
132	144
132	145
132	146
132	155
132	162
132	164
132	167
132	173
132	178
132	189
132	195
132	203
132	214
132	219
132	222
132	224
132	227
132	228
132	229
132	230
132	235
132	236
132	246
132	259
132	267
132	290
132	301
132	304
132	327
132	335
132	439
132	454
133	139
133	144
133	146
133	150
133	151
133	153
133	154
133	169
133	180
133	182
133	184
133	186
133	194
133	196
133	200
133	210
133	228
133	230
133	236
133	238
133	247
133	251
133	259
133	261
133	303
133	307
133	333
133	343
133	357
133	371
133	387
134	135
134	138
134	142
134	156
134	162
134	166
134	167
134	170
134	171
134	176
134	184
134	188
134	189
134	191
134	196
134	202
134	203
134	204
134	209
134	210
134	212
134	216
134	221
134	224
134	225
134	238
134	239
134	257
134	262
134	287
134	294
134	299
134	312
134	317
134	344
134	359
134	381
135	144
135	148
135	157
135	166
135	169
135	171
135	172
135	173
135	180
135	189
135	190
135	191
135	193
135	198
135	199
135	200
135	208
135	211
135	217
135	226
135	233
135	236
135	238
135	247
135	262
135	277
135	283
135	313
135	320
135	329
135	340
135	352
136	137
136	149
136	160
136	161
136	166
136	173
136	177
136	178
136	180
136	183
136	184
136	188
136	199
136	200
136	206
136	213
136	215
136	217
136	219
136	220
136	222
136	229
136	234
136	235
136	239
136	299
136	304
136	313
136	318
136	340
136	342
136	356
136	472
137	139
137	140
137	142
137	147
137	152
137	153
137	165
137	171
137	172
137	173
137	175
137	184
137	185
137	187
137	188
137	190
137	197
137	198
137	206
137	209
137	210
137	222
137	226
137	228
137	251
137	252
137	262
137	276
137	306
137	307
137	308
137	395
137	410
137	415
137	429
137	436
138	141
138	143
138	148
138	151
138	159
138	163
138	165
138	166
138	167
138	169
138	170
138	173
138	176
138	180
138	183
138	184
138	188
138	191
138	209
138	210
138	212
138	223
138	229
138	236
138	237
138	243
138	262
138	264
138	270
138	279
138	290
138	291
138	293
138	299
138	310
138	314
138	316
138	335
138	338
138	351
139	140
139	145
139	147
139	149
139	151
139	153
139	154
139	159
139	165
139	169
139	191
139	193
139	196
139	200
139	202
139	215
139	222
139	224
139	226
139	230
139	249
139	258
139	261
139	272
139	278
139	307
139	312
139	351
140	141
140	146
140	147
140	148
140	154
140	162
140	167
140	182
140	184
140	187
140	188
140	189
140	197
140	201
140	204
140	211
140	212
140	216
140	220
140	224
140	228
140	231
140	237
140	239
140	241
140	244
140	249
140	272
140	273
140	280
140	291
140	300
140	322
140	337
140	359
140	413
141	144
141	147
141	152
141	160
141	165
141	175
141	176
141	177
141	182
141	186
141	191
141	202
141	208
141	215
141	231
141	236
141	243
141	252
141	267
141	283
141	284
141	297
141	299
141	308
141	311
141	330
141	342
141	387
142	147
142	151
142	155
142	172
142	174
142	175
142	189
142	190
142	191
142	200
142	203
142	204
142	205
142	206
142	210
142	211
142	220
142	224
142	228
142	230
142	239
142	336
142	346
142	359
142	408
142	468
143	148
143	149
143	151
143	155
143	157
143	160
143	161
143	162
143	164
143	173
143	187
143	194
143	196
143	207
143	209
143	210
143	217
143	220
143	222
143	225
143	230
143	231
143	236
143	238
143	276
143	283
143	294
143	323
143	325
143	328
143	332
143	338
143	347
143	454
144	147
144	152
144	154
144	155
144	158
144	167
144	170
144	174
144	183
144	185
144	191
144	195
144	202
144	211
144	212
144	214
144	216
144	221
144	228
144	233
144	239
144	253
144	261
144	280
144	281
144	288
144	289
144	305
144	311
144	331
144	355
144	357
144	396
144	451
145	147
145	154
145	159
145	160
145	161
145	166
145	170
145	171
145	185
145	186
145	187
145	189
145	190
145	192
145	202
145	205
145	206
145	209
145	210
145	211
145	212
145	217
145	232
145	247
145	268
145	314
145	315
145	323
145	338
145	416
145	460
146	157
146	158
146	161
146	163
146	164
146	165
146	166
146	169
146	171
146	175
146	176
146	179
146	190
146	192
146	198
146	202
146	210
146	211
146	215
146	216
146	218
146	224
146	230
146	231
146	233
146	236
146	239
146	250
146	256
146	272
146	293
146	304
146	310
146	311
146	317
146	322
146	332
146	340
146	346
146	365
147	149
147	152
147	154
147	155
147	166
147	170
147	171
147	177
147	190
147	192
147	196
147	198
147	203
147	212
147	213
147	217
147	218
147	220
147	223
147	225
147	233
147	243
147	285
147	306
147	311
147	327
147	379
147	418
148	151
148	164
148	171
148	184
148	185
148	186
148	189
148	195
148	197
148	205
148	210
148	227
148	230
148	242
148	246
148	252
148	253
148	258
148	274
148	276
148	294
148	350
149	152
149	154
149	155
149	170
149	176
149	180
149	185
149	187
149	194
149	196
149	202
149	206
149	208
149	209
149	212
149	213
149	215
149	225
149	226
149	235
149	237
149	263
149	264
149	284
149	308
149	322
149	328
149	331
149	459
150	153
150	155
150	159
150	162
150	168
150	174
150	176
150	183
150	187
150	201
150	202
150	204
150	207
150	208
150	209
150	210
150	211
150	215
150	216
150	217
150	229
150	233
150	241
150	251
150	254
150	278
150	280
150	309
150	318
150	342
150	344
150	351
150	425
151	157
151	159
151	161
151	163
151	164
151	176
151	192
151	194
151	195
151	197
151	200
151	202
151	203
151	218
151	220
151	221
151	223
151	224
151	226
151	230
151	233
151	234
151	236
151	240
151	251
151	252
151	267
151	275
151	320
151	325
151	333
151	345
151	435
151	440
152	158
152	161
152	174
152	176
152	194
152	198
152	202
152	207
152	209
152	212
152	213
152	217
152	218
152	221
152	222
152	225
152	228
152	229
152	230
152	232
152	233
152	236
152	237
152	238
152	241
152	243
152	251
152	282
152	287
152	297
152	311
152	330
152	351
153	156
153	157
153	167
153	177
153	180
153	181
153	186
153	194
153	195
153	202
153	203
153	205
153	209
153	210
153	213
153	227
153	229
153	230
153	234
153	237
153	238
153	290
153	313
153	321
153	334
153	355
153	359
154	156
154	157
154	159
154	164
154	165
154	169
154	172
154	175
154	184
154	198
154	202
154	204
154	205
154	207
154	209
154	212
154	213
154	220
154	222
154	225
154	226
154	260
154	265
154	280
154	292
154	353
154	355
154	358
154	392
155	158
155	163
155	167
155	179
155	183
155	201
155	203
155	207
155	222
155	223
155	224
155	227
155	230
155	231
155	234
155	238
155	249
155	283
155	312
155	348
155	374
155	462
156	163
156	170
156	171
156	173
156	182
156	185
156	188
156	190
156	191
156	193
156	199
156	203
156	207
156	215
156	221
156	230
156	232
156	236
156	237
156	274
156	282
156	325
156	348
156	459
156	462
156	474
157	158
157	171
157	173
157	175
157	176
157	182
157	183
157	184
157	185
157	186
157	189
157	194
157	195
157	198
157	201
157	203
157	206
157	213
157	214
157	216
157	223
157	227
157	233
157	234
157	250
157	284
157	285
157	296
157	307
157	311
157	321
157	330
157	333
157	355
157	476
158	162
158	166
158	167
158	170
158	178
158	181
158	182
158	187
158	192
158	195
158	204
158	213
158	218
158	224
158	234
158	237
158	238
158	273
158	285
158	291
158	295
158	329
158	350
158	418
158	438
159	162
159	180
159	184
159	188
159	190
159	191
159	197
159	199
159	205
159	216
159	220
159	221
159	225
159	230
159	233
159	262
159	265
159	333
159	337
159	343
159	347
159	355
160	163
160	165
160	166
160	169
160	174
160	175
160	176
160	177
160	184
160	189
160	191
160	192
160	199
160	200
160	202
160	203
160	204
160	209
160	212
160	216
160	221
160	224
160	225
160	226
160	250
160	257
160	287
160	296
160	300
160	309
160	340
160	353
161	169
161	170
161	174
161	176
161	178
161	181
161	182
161	189
161	193
161	194
161	200
161	202
161	204
161	205
161	209
161	219
161	222
161	226
161	231
161	239
161	274
161	330
161	341
161	354
162	165
162	166
162	168
162	169
162	183
162	186
162	191
162	198
162	202
162	207
162	208
162	211
162	218
162	222
162	225
162	227
162	228
162	231
162	239
162	241
162	298
162	318
162	319
162	338
162	353
163	165
163	166
163	175
163	176
163	178
163	181
163	194
163	200
163	207
163	210
163	223
163	231
163	233
163	236
163	248
163	257
163	302
163	312
163	318
163	323
163	325
163	336
163	350
163	355
163	473
164	167
164	171
164	177
164	178
164	179
164	180
164	181
164	182
164	186
164	191
164	192
164	198
164	199
164	204
164	209
164	222
164	223
164	236
164	238
164	246
164	249
164	270
164	281
164	290
164	309
164	326
164	336
164	337
164	345
164	354
164	413
165	168
165	176
165	177
165	178
165	182
165	198
165	200
165	212
165	214
165	222
165	223
165	224
165	232
165	240
165	267
165	297
165	305
165	307
165	309
165	319
165	328
165	338
165	451
166	169
166	173
166	174
166	177
166	181
166	189
166	194
166	198
166	201
166	208
166	213
166	222
166	225
166	232
166	233
166	250
166	256
166	265
166	294
166	300
166	307
166	313
166	323
166	334
166	342
166	371
167	175
167	179
167	185
167	200
167	202
167	208
167	210
167	214
167	217
167	220
167	221
167	226
167	229
167	232
167	234
167	235
167	238
167	260
167	261
167	266
167	286
167	305
167	331
167	339
167	343
167	346
167	459
168	171
168	191
168	195
168	196
168	200
168	212
168	217
168	219
168	224
168	241
168	258
168	260
168	266
168	290
168	307
168	319
168	329
168	344
169	171
169	176
169	179
169	180
169	186
169	188
169	190
169	204
169	209
169	211
169	218
169	224
169	236
169	247
169	278
169	284
169	310
169	317
169	321
169	335
169	337
169	348
169	354
169	454
169	462
169	475
170	175
170	182
170	185
170	187
170	189
170	197
170	201
170	219
170	221
170	222
170	223
170	230
170	232
170	233
170	271
170	286
170	330
170	332
170	333
170	378
170	398
171	178
171	184
171	188
171	190
171	191
171	195
171	200
171	230
171	232
171	234
171	235
171	236
171	255
171	264
171	283
171	286
171	289
171	291
171	321
171	324
171	350
171	357
171	399
171	466
172	183
172	184
172	185
172	192
172	204
172	205
172	209
172	214
172	225
172	227
172	232
172	234
172	237
172	240
172	254
172	277
172	280
172	287
172	296
172	301
172	311
172	317
172	324
172	326
172	451
173	174
173	185
173	190
173	191
173	199
173	208
173	212
173	222
173	226
173	229
173	230
173	235
173	238
173	239
173	252
173	257
173	263
173	288
173	314
173	344
173	349
173	361
173	448
174	175
174	176
174	177
174	179
174	184
174	199
174	202
174	209
174	211
174	212
174	213
174	219
174	220
174	222
174	224
174	225
174	227
174	234
174	254
174	264
174	283
174	287
174	319
174	471
175	176
175	180
175	183
175	187
175	189
175	197
175	199
175	200
175	201
175	205
175	208
175	215
175	219
175	224
175	230
175	231
175	238
175	241
175	282
175	287
175	299
175	307
175	338
175	347
175	407
175	467
175	473
176	178
176	183
176	184
176	187
176	188
176	189
176	194
176	196
176	201
176	204
176	207
176	211
176	228
176	231
176	233
176	280
176	286
176	296
176	344
176	471
177	178
177	179
177	186
177	187
177	189
177	192
177	197
177	205
177	207
177	209
177	210
177	211
177	212
177	223
177	226
177	228
177	229
177	232
177	238
177	252
177	256
177	288
177	293
177	294
177	301
177	315
177	334
177	341
177	345
178	181
178	183
178	194
178	197
178	204
178	213
178	224
178	237
178	250
178	270
178	307
178	312
178	335
178	341
178	344
178	400
178	423
179	180
179	181
179	192
179	195
179	210
179	216
179	222
179	225
179	226
179	227
179	229
179	232
179	234
179	237
179	238
179	246
179	266
179	272
179	276
179	318
179	328
179	329
179	330
179	334
179	346
180	188
180	189
180	195
180	196
180	198
180	200
180	203
180	206
180	212
180	216
180	220
180	221
180	222
180	224
180	226
180	228
180	232
180	234
180	238
180	253
180	254
180	263
180	280
180	283
180	288
180	300
180	308
180	312
180	327
180	336
180	347
181	182
181	184
181	185
181	189
181	195
181	197
181	201
181	202
181	203
181	205
181	213
181	219
181	225
181	226
181	233
181	235
181	238
181	241
181	295
181	303
181	338
182	183
182	184
182	187
182	188
182	191
182	192
182	193
182	194
182	195
182	199
182	202
182	214
182	219
182	220
182	232
182	249
182	261
182	279
182	290
182	309
182	322
182	457
182	466
183	186
183	189
183	191
183	200
183	208
183	226
183	229
183	230
183	231
183	233
183	234
183	236
183	237
183	239
183	248
183	254
183	261
183	269
183	274
183	285
183	311
183	321
183	337
183	350
183	357
183	382
184	186
184	187
184	189
184	195
184	199
184	204
184	209
184	213
184	219
184	222
184	229
184	230
184	232
184	265
184	336
184	348
184	352
184	353
184	357
184	378
185	187
185	189
185	200
185	203
185	208
185	211
185	221
185	227
185	229
185	231
185	239
185	250
185	252
185	255
185	273
185	283
185	286
185	290
185	320
185	375
186	191
186	193
186	194
186	206
186	212
186	223
186	260
186	266
186	280
186	303
186	304
186	316
186	319
186	352
186	359
187	189
187	190
187	191
187	195
187	197
187	198
187	214
187	216
187	220
187	221
187	223
187	227
187	228
187	261
187	265
187	338
187	350
187	352
187	394
188	191
188	197
188	203
188	210
188	215
188	222
188	224
188	228
188	231
188	234
188	238
188	239
188	252
188	271
188	273
188	301
188	325
188	336
188	411
188	436
188	438
189	193
189	195
189	202
189	203
189	208
189	210
189	211
189	221
189	224
189	228
189	232
189	234
189	245
189	255
189	256
189	272
189	309
189	314
189	336
189	343
189	354
189	383
189	411
190	192
190	194
190	199
190	204
190	212
190	216
190	219
190	223
190	224
190	230
190	234
190	235
190	245
190	260
190	280
190	283
190	310
190	326
190	346
190	352
190	396
190	436
191	193
191	195
191	196
191	204
191	210
191	213
191	216
191	218
191	223
191	224
191	233
191	235
191	239
191	246
191	252
191	260
191	276
191	290
191	294
191	310
191	312
191	321
191	340
191	374
192	194
192	197
192	205
192	208
192	210
192	212
192	215
192	218
192	221
192	226
192	228
192	232
192	240
192	251
192	270
192	303
192	340
192	344
192	366
192	379
193	200
193	207
193	210
193	214
193	217
193	223
193	228
193	235
193	239
193	245
193	266
193	330
193	396
193	429
193	455
194	198
194	207
194	210
194	225
194	235
194	258
194	271
194	284
194	300
194	304
194	358
194	404
195	196
195	200
195	201
195	203
195	204
195	208
195	213
195	217
195	218
195	219
195	220
195	227
195	235
195	238
195	285
195	323
195	325
195	331
195	340
195	354
195	355
195	359
196	197
196	203
196	210
196	213
196	214
196	217
196	242
196	260
196	265
196	269
196	290
196	314
196	321
196	341
196	343
196	345
196	352
196	359
196	436
197	198
197	201
197	203
197	208
197	210
197	222
197	226
197	227
197	228
197	231
197	234
197	235
197	246
197	254
197	257
197	258
197	270
197	276
197	284
197	298
197	305
197	315
197	355
198	199
198	200
198	201
198	206
198	207
198	208
198	217
198	225
198	229
198	231
198	235
198	237
198	238
198	246
198	289
198	313
198	315
198	426
198	436
198	446
199	206
199	208
199	210
199	211
199	218
199	225
199	229
199	233
199	239
199	254
199	278
199	292
199	317
199	328
199	347
199	378
199	446
199	461
200	202
200	212
200	214
200	215
200	216
200	220
200	223
200	225
200	230
200	235
200	239
200	240
200	257
200	293
200	304
200	322
200	332
200	335
200	344
200	401
200	422
200	428
201	203
201	209
201	216
201	217
201	220
201	222
201	226
201	227
201	231
201	234
201	236
201	237
201	238
201	264
201	276
201	286
201	315
201	317
201	319
201	331
201	341
201	346
202	208
202	209
202	212
202	217
202	219
202	220
202	222
202	225
202	227
202	236
202	238
202	244
202	254
202	268
202	269
202	370
202	401
202	453
203	209
203	211
203	213
203	215
203	218
203	219
203	221
203	230
203	231
203	235
203	242
203	244
203	246
203	260
203	273
203	335
203	340
203	436
204	215
204	216
204	220
204	221
204	222
204	223
204	229
204	234
204	238
204	239
204	256
204	265
204	272
204	317
204	319
204	324
204	345
205	207
205	212
205	220
205	221
205	225
205	229
205	231
205	238
205	257
205	269
205	307
205	330
205	342
205	391
205	396
205	420
206	207
206	211
206	213
206	226
206	227
206	230
206	231
206	237
206	250
206	292
206	304
206	316
206	330
206	338
206	369
206	414
206	420
206	434
207	209
207	214
207	216
207	222
207	224
207	228
207	234
207	236
207	247
207	261
207	284
207	288
207	292
207	298
207	309
207	312
207	324
207	337
207	338
207	341
207	355
208	211
208	213
208	221
208	228
208	233
208	235
208	237
208	238
208	244
208	286
208	307
208	313
208	353
208	355
209	215
209	226
209	241
209	249
209	255
209	281
209	315
209	324
209	356
209	386
209	418
209	451
209	465
210	215
210	224
210	229
210	231
210	233
210	267
210	282
210	307
210	329
210	331
210	332
210	339
210	419
210	424
210	446
210	455
211	213
211	216
211	217
211	226
211	233
211	242
211	249
211	255
211	258
211	266
211	274
211	304
211	319
211	333
211	363
211	469
212	214
212	219
212	227
212	230
212	231
212	289
212	311
212	326
212	327
212	458
213	224
213	227
213	229
213	233
213	236
213	238
213	240
213	253
213	256
213	260
213	261
213	275
213	301
213	303
213	310
213	347
213	376
213	394
214	216
214	226
214	229
214	230
214	234
214	236
214	239
214	278
214	284
214	302
214	308
214	309
215	216
215	220
215	223
215	224
215	229
215	230
215	237
215	238
215	270
215	273
215	306
215	324
215	346
215	456
215	458
216	221
216	223
216	225
216	226
216	228
216	238
216	246
216	259
216	261
216	262
216	327
216	339
216	347
216	355
216	398
216	467
217	218
217	225
217	227
217	238
217	267
217	272
217	325
217	342
217	351
217	353
217	354
218	226
218	229
218	231
218	235
218	239
218	270
218	279
218	300
218	347
218	354
218	358
218	362
219	223
219	225
219	228
219	235
219	237
219	249
219	256
219	267
219	272
219	321
219	325
219	345
219	410
219	464
220	221
220	226
220	228
220	231
220	234
220	236
220	283
220	300
220	301
220	336
220	340
220	346
221	227
221	233
221	237
221	239
221	255
221	277
221	300
221	327
221	331
221	411
222	223
222	242
222	244
222	269
222	283
222	293
222	295
222	308
222	322
222	357
222	420
222	440
223	231
223	232
223	239
223	242
223	257
223	258
223	264
223	283
223	289
223	310
223	314
223	338
223	390
223	456
224	238
224	245
224	262
224	295
224	416
225	229
225	232
225	239
225	304
225	345
225	354
225	401
225	456
225	466
225	471
226	235
226	318
226	331
226	338
226	354
226	359
226	395
227	230
227	234
227	291
227	301
227	324
227	326
227	332
227	421
228	232
228	233
228	239
228	265
228	266
228	271
228	320
228	322
228	338
228	345
228	433
229	231
229	235
229	238
229	250
229	266
229	271
229	277
229	311
229	313
229	332
229	342
229	362
229	392
230	232
230	233
230	294
230	307
230	320
230	327
230	332
230	402
231	232
231	233
231	263
231	271
231	273
231	284
231	294
231	304
231	310
231	316
231	318
231	322
231	328
231	369
231	448
232	236
232	237
232	238
232	260
232	266
232	285
232	296
232	304
232	324
232	326
232	327
232	336
232	348
232	392
232	429
233	236
233	239
233	249
233	282
233	289
233	299
233	312
233	318
233	339
233	349
234	236
234	238
234	289
234	310
234	313
234	322
234	331
234	333
234	372
234	449
234	479
235	253
235	286
235	289
235	347
235	422
236	262
236	290
236	293
236	357
236	364
236	413
237	242
237	261
237	283
237	312
237	321
237	347
237	473
238	242
238	255
238	305
238	307
238	313
238	327
238	341
238	348
238	350
238	356
238	366
238	389
238	396
238	447
238	468
239	244
239	246
239	255
239	263
239	289
239	291
239	295
239	335
239	396
239	441
239	459
240	242
240	243
240	244
240	252
240	253
240	260
240	264
240	265
240	266
240	267
240	268
240	279
240	282
240	283
240	302
240	305
240	308
240	309
240	310
240	311
240	316
240	318
240	320
240	321
240	322
240	327
240	334
240	339
240	341
240	355
241	242
241	252
241	257
241	262
241	263
241	264
241	265
241	266
241	267
241	269
241	274
241	282
241	284
241	307
241	310
241	311
241	318
241	323
241	327
241	334
241	340
241	344
241	349
241	353
241	354
242	245
242	249
242	255
242	257
242	259
242	262
242	276
242	288
242	290
242	301
242	304
242	309
242	315
242	318
242	321
242	322
242	327
242	332
242	333
242	334
242	338
242	344
242	348
242	352
242	357
242	358
243	245
243	251
243	252
243	254
243	261
243	265
243	273
243	278
243	282
243	291
243	292
243	294
243	296
243	299
243	307
243	311
243	318
243	326
243	328
243	333
243	335
243	337
243	339
243	340
243	342
243	347
243	348
243	349
243	356
243	358
244	246
244	249
244	259
244	263
244	271
244	280
244	288
244	289
244	296
244	299
244	301
244	307
244	308
244	309
244	310
244	312
244	316
244	318
244	330
244	335
244	337
244	348
244	351
244	355
245	248
245	254
245	257
245	262
245	277
245	280
245	284
245	292
245	299
245	303
245	308
245	313
245	323
245	327
245	330
245	333
245	341
245	356
245	357
245	415
246	249
246	258
246	265
246	272
246	276
246	278
246	287
246	289
246	297
246	298
246	301
246	306
246	316
246	320
246	327
246	329
246	337
246	339
246	340
246	343
246	350
246	353
246	358
247	250
247	251
247	252
247	254
247	266
247	267
247	269
247	270
247	281
247	282
247	287
247	290
247	299
247	300
247	303
247	307
247	311
247	315
247	325
247	328
247	331
247	334
247	335
247	336
247	337
247	338
247	342
247	344
247	349
247	350
247	351
247	352
247	355
247	359
248	249
248	259
248	260
248	286
248	287
248	292
248	300
248	302
248	303
248	304
248	305
248	308
248	311
248	313
248	322
248	324
248	327
248	329
248	330
248	332
248	335
248	344
248	347
248	348
248	349
248	352
249	256
249	258
249	262
249	263
249	267
249	272
249	274
249	275
249	286
249	289
249	291
249	295
249	296
249	298
249	307
249	318
249	322
249	325
249	329
249	336
249	341
249	351
249	354
249	356
250	254
250	255
250	259
250	263
250	264
250	265
250	269
250	273
250	282
250	291
250	296
250	301
250	302
250	303
250	304
250	305
250	309
250	316
250	326
250	328
250	330
250	336
250	338
250	343
250	355
251	253
251	259
251	266
251	267
251	268
251	274
251	275
251	277
251	279
251	288
251	297
251	298
251	305
251	312
251	314
251	320
251	330
251	335
251	337
251	340
251	344
251	349
251	351
251	446
252	254
252	267
252	269
252	273
252	274
252	276
252	283
252	287
252	290
252	293
252	294
252	297
252	300
252	308
252	315
252	318
252	319
252	321
252	326
252	327
252	328
252	330
252	338
252	341
252	342
252	347
252	352
252	358
252	359
253	261
253	265
253	269
253	278
253	287
253	294
253	296
253	302
253	304
253	306
253	308
253	314
253	319
253	323
253	328
253	330
253	332
253	338
253	343
253	351
253	359
254	255
254	262
254	265
254	266
254	267
254	280
254	281
254	284
254	285
254	302
254	308
254	309
254	314
254	316
254	319
254	324
254	332
254	337
254	345
254	346
254	349
254	352
254	355
254	356
254	358
254	359
255	258
255	261
255	265
255	269
255	270
255	271
255	274
255	293
255	295
255	300
255	301
255	313
255	318
255	319
255	324
255	333
255	338
255	339
255	342
255	346
255	352
256	261
256	262
256	264
256	268
256	270
256	274
256	275
256	277
256	278
256	279
256	281
256	282
256	296
256	297
256	299
256	302
256	315
256	316
256	317
256	319
256	331
256	338
256	341
256	343
256	346
256	347
256	348
257	263
257	267
257	269
257	270
257	271
257	285
257	287
257	291
257	299
257	305
257	311
257	314
257	315
257	316
257	332
257	333
257	335
257	337
257	341
257	346
257	348
257	355
257	358
258	263
258	276
258	286
258	288
258	299
258	300
258	303
258	304
258	305
258	318
258	324
258	326
258	329
258	331
258	332
258	338
258	346
258	349
258	350
258	351
258	352
258	355
258	356
258	357
258	359
258	419
258	479
259	260
259	261
259	280
259	289
259	290
259	297
259	300
259	301
259	304
259	308
259	316
259	325
259	326
259	329
259	332
259	335
259	356
259	357
259	407
260	263
260	264
260	266
260	268
260	269
260	270
260	273
260	276
260	279
260	281
260	282
260	283
260	284
260	299
260	302
260	305
260	307
260	308
260	314
260	315
260	327
260	329
260	332
260	333
260	336
260	339
260	342
260	353
260	355
261	262
261	271
261	277
261	278
261	282
261	284
261	285
261	291
261	302
261	313
261	319
261	328
261	332
261	340
261	350
261	352
261	354
261	355
262	264
262	266
262	269
262	271
262	273
262	282
262	283
262	284
262	288
262	292
262	293
262	298
262	306
262	307
262	312
262	313
262	317
262	318
262	321
262	331
262	335
262	337
262	339
262	341
262	346
262	432
262	475
263	265
263	276
263	284
263	286
263	289
263	290
263	293
263	296
263	304
263	315
263	316
263	317
263	320
263	323
263	326
263	336
263	344
263	345
263	347
263	348
263	350
263	353
263	354
264	273
264	274
264	279
264	283
264	284
264	289
264	299
264	303
264	304
264	308
264	325
264	327
264	328
264	331
264	332
264	339
264	348
264	356
265	273
265	274
265	277
265	278
265	280
265	289
265	301
265	304
265	305
265	306
265	309
265	310
265	313
265	315
265	321
265	323
265	327
265	334
265	337
265	338
265	341
265	343
265	346
265	348
265	349
265	350
265	353
265	354
266	273
266	274
266	275
266	276
266	279
266	284
266	285
266	287
266	289
266	290
266	291
266	295
266	300
266	302
266	308
266	313
266	324
266	326
266	333
266	334
266	336
266	341
266	349
266	350
266	353
266	359
267	280
267	296
267	298
267	300
267	302
267	306
267	308
267	309
267	315
267	318
267	319
267	321
267	322
267	330
267	333
267	346
267	349
267	355
267	449
268	270
268	273
268	274
268	276
268	279
268	280
268	291
268	295
268	296
268	299
268	305
268	310
268	327
268	340
268	343
268	345
268	346
268	351
268	353
268	356
269	272
269	273
269	275
269	276
269	278
269	281
269	284
269	286
269	288
269	290
269	296
269	299
269	314
269	315
269	319
269	323
269	330
269	331
269	336
269	341
269	345
269	349
269	351
269	357
270	274
270	276
270	282
270	290
270	296
270	302
270	307
270	321
270	324
270	326
270	329
270	330
270	331
270	334
270	337
270	347
270	354
270	361
270	407
271	274
271	280
271	281
271	284
271	286
271	292
271	293
271	295
271	304
271	309
271	316
271	323
271	324
271	331
271	341
271	344
271	351
271	356
271	358
271	359
272	275
272	286
272	292
272	293
272	300
272	309
272	316
272	324
272	328
272	329
272	330
272	342
272	343
272	345
272	349
272	359
273	275
273	278
273	279
273	281
273	283
273	284
273	289
273	293
273	294
273	295
273	306
273	311
273	312
273	316
273	318
273	325
273	332
273	333
273	335
273	337
273	339
273	345
273	347
273	352
273	356
273	451
274	275
274	276
274	282
274	298
274	300
274	301
274	303
274	305
274	308
274	309
274	315
274	316
274	317
274	318
274	322
274	323
274	325
274	340
274	342
274	344
274	353
274	357
274	359
275	276
275	282
275	283
275	285
275	289
275	291
275	296
275	301
275	303
275	304
275	310
275	319
275	320
275	322
275	324
275	325
275	327
275	328
275	329
275	334
275	336
275	339
275	343
275	344
275	346
275	356
276	294
276	295
276	296
276	298
276	302
276	305
276	309
276	311
276	320
276	321
276	322
276	331
276	332
276	336
276	346
276	349
276	351
276	357
277	278
277	283
277	285
277	288
277	290
277	291
277	292
277	293
277	304
277	310
277	313
277	315
277	319
277	325
277	333
277	334
277	338
277	339
277	349
277	351
277	352
278	279
278	288
278	292
278	311
278	316
278	331
278	338
278	341
278	347
278	348
278	354
278	358
278	460
279	282
279	286
279	290
279	291
279	292
279	293
279	296
279	308
279	317
279	318
279	322
279	326
279	335
279	348
279	359
280	289
280	290
280	292
280	295
280	299
280	302
280	303
280	304
280	310
280	311
280	312
280	323
280	330
280	332
280	338
280	340
280	349
280	353
280	359
281	285
281	291
281	293
281	300
281	302
281	306
281	317
281	318
281	326
281	330
281	332
281	335
281	336
281	337
281	341
281	343
281	347
281	348
281	357
281	359
282	284
282	293
282	294
282	295
282	300
282	301
282	302
282	304
282	307
282	309
282	310
282	312
282	319
282	320
282	332
282	334
282	344
282	349
283	286
283	287
283	293
283	295
283	296
283	297
283	305
283	307
283	312
283	314
283	315
283	327
283	330
283	331
283	333
283	336
283	339
283	341
283	345
283	352
283	354
284	286
284	290
284	296
284	297
284	298
284	299
284	306
284	308
284	309
284	312
284	315
284	327
284	336
284	337
284	344
284	347
284	348
284	351
284	356
285	288
285	294
285	300
285	303
285	308
285	310
285	319
285	320
285	331
285	333
285	335
285	338
285	339
285	341
285	344
285	348
285	349
285	352
285	354
285	355
285	357
285	358
286	289
286	292
286	302
286	312
286	313
286	316
286	330
286	331
286	344
286	347
286	350
286	359
287	291
287	293
287	296
287	302
287	305
287	307
287	311
287	314
287	317
287	320
287	323
287	327
287	335
287	338
287	344
287	347
287	352
288	289
288	291
288	293
288	295
288	296
288	297
288	298
288	300
288	306
288	308
288	310
288	311
288	315
288	316
288	317
288	318
288	319
288	321
288	324
288	330
288	333
288	334
288	341
288	344
288	351
289	298
289	299
289	302
289	306
289	318
289	325
289	326
289	328
289	331
289	332
289	343
289	351
289	352
289	355
289	356
289	455
290	291
290	300
290	307
290	310
290	311
290	314
290	325
290	326
290	329
290	337
290	338
290	353
291	296
291	297
291	300
291	305
291	307
291	308
291	309
291	316
291	317
291	319
291	323
291	324
291	331
291	334
291	340
291	343
291	348
291	357
291	358
292	299
292	300
292	301
292	303
292	304
292	307
292	309
292	312
292	314
292	331
292	333
292	336
292	338
292	351
292	352
293	297
293	298
293	301
293	303
293	304
293	320
293	323
293	325
293	332
293	333
293	336
293	338
293	344
293	355
293	418
294	301
294	309
294	313
294	321
294	324
294	326
294	327
294	328
294	334
294	336
294	339
294	349
294	352
294	355
294	357
294	358
295	297
295	302
295	305
295	311
295	313
295	317
295	318
295	330
295	333
295	343
295	353
295	357
296	302
296	304
296	307
296	312
296	314
296	323
296	325
296	332
296	335
296	336
296	339
296	343
296	350
296	353
296	354
296	355
296	359
297	298
297	302
297	310
297	313
297	316
297	323
297	325
297	328
297	333
297	334
297	336
297	342
297	344
297	357
298	306
298	311
298	316
298	324
298	328
298	330
298	331
298	336
298	338
298	344
298	348
298	357
299	301
299	303
299	306
299	312
299	313
299	316
299	317
299	320
299	322
299	325
299	326
299	330
299	333
299	337
299	338
299	339
299	342
299	347
299	349
299	353
299	355
300	303
300	308
300	309
300	313
300	316
300	328
300	334
300	338
300	339
300	342
300	351
300	356
301	303
301	305
301	307
301	312
301	316
301	320
301	324
301	328
301	334
301	350
301	352
301	356
301	359
302	305
302	307
302	308
302	312
302	313
302	316
302	320
302	326
302	330
302	338
302	339
302	340
302	343
302	346
302	354
302	359
303	320
303	325
303	326
303	328
303	329
303	330
303	333
303	337
303	339
303	344
303	345
303	349
303	351
303	354
303	359
303	449
304	306
304	307
304	309
304	315
304	322
304	328
304	329
304	332
304	334
304	339
304	340
304	342
304	345
304	346
304	349
305	314
305	323
305	326
305	333
305	334
305	335
305	336
305	342
305	345
305	346
305	349
305	359
306	321
306	328
306	331
306	341
306	344
306	345
306	351
306	353
307	309
307	311
307	315
307	316
307	318
307	319
307	324
307	328
307	329
307	333
307	334
307	336
307	337
307	338
307	339
307	341
307	350
307	352
307	356
307	360
308	312
308	314
308	320
308	334
308	337
308	352
308	353
309	317
309	318
309	323
309	327
309	335
309	336
309	340
309	347
309	349
309	351
309	353
309	354
310	313
310	317
310	318
310	329
310	341
310	344
310	347
311	321
311	330
311	334
311	335
311	336
311	340
311	341
311	342
311	346
311	351
311	352
311	355
312	313
312	314
312	316
312	319
312	320
312	323
312	325
312	329
312	336
312	339
312	342
312	345
312	348
312	350
312	353
312	355
312	469
313	314
313	317
313	321
313	324
313	332
313	338
313	340
313	342
313	344
313	351
313	352
314	319
314	321
314	325
314	326
314	327
314	333
314	337
314	350
314	356
315	316
315	319
315	327
315	328
315	334
315	350
315	356
316	317
316	320
316	335
316	340
316	342
316	346
316	349
316	353
316	354
316	358
317	322
317	326
317	327
317	333
317	334
317	335
317	337
317	339
317	341
317	345
317	347
317	351
317	353
317	355
317	358
318	319
318	321
318	322
318	340
318	341
318	353
318	356
318	359
319	323
319	325
319	327
319	331
319	332
319	333
319	337
319	338
319	339
319	346
319	351
319	358
319	373
320	328
320	330
320	331
320	333
320	335
320	343
320	344
320	347
320	356
320	392
321	322
321	324
321	334
321	337
321	351
321	352
321	353
321	357
321	358
322	323
322	325
322	327
322	331
322	332
322	335
322	341
322	344
322	346
322	352
322	357
323	327
323	333
323	341
323	354
323	361
324	327
324	328
324	334
324	342
324	348
324	349
324	352
324	354
324	355
324	356
324	358
325	327
325	329
325	331
325	336
325	342
325	353
325	355
325	357
325	359
326	330
326	332
326	339
326	341
326	342
326	350
326	353
327	328
327	342
327	343
327	350
327	352
327	355
327	357
328	332
328	334
328	335
328	336
328	341
328	342
328	343
328	350
328	352
328	359
329	332
329	333
329	346
329	347
329	350
329	356
329	358
330	331
330	334
330	343
330	344
330	345
330	347
330	350
330	352
330	354
330	356
331	333
331	344
331	346
331	348
331	349
331	358
331	448
332	339
332	345
332	347
332	355
332	356
332	357
332	358
332	359
333	338
333	347
333	349
333	351
333	358
333	359
333	464
334	337
334	340
334	342
334	347
334	348
334	355
334	358
335	342
335	343
335	358
335	470
336	346
336	347
336	350
336	351
336	354
336	355
336	359
337	338
337	344
337	345
337	347
337	348
337	353
338	341
338	342
338	351
338	352
338	356
338	359
339	343
339	345
339	347
339	351
339	353
340	341
340	347
340	350
340	377
341	343
341	348
341	352
341	358
342	344
342	348
342	352
343	344
343	346
343	348
343	352
344	348
344	350
344	353
344	357
345	349
345	353
345	356
346	349
346	351
347	349
347	351
348	390
349	350
349	354
351	354
351	356
351	358
351	359
352	354
353	354
353	355
354	371
354	457
354	458
356	358
358	372
360	361
360	369
360	371
360	379
360	380
360	383
360	386
360	391
360	393
360	395
360	404
360	405
360	406
360	407
360	409
360	416
360	419
360	420
360	423
360	424
360	427
360	429
360	430
360	433
360	435
360	437
360	438
360	443
360	444
360	447
360	455
360	460
360	464
360	466
360	469
360	470
360	474
360	478
360	533
360	538
360	542
360	554
360	564
360	569
361	364
361	368
361	377
361	382
361	383
361	390
361	392
361	393
361	395
361	397
361	407
361	413
361	414
361	415
361	418
361	424
361	428
361	431
361	439
361	440
361	453
361	468
361	470
361	471
361	472
361	473
361	475
361	478
361	481
361	488
361	500
361	505
361	560
361	575
361	583
362	379
362	384
362	387
362	389
362	390
362	395
362	399
362	402
362	404
362	415
362	418
362	419
362	426
362	427
362	431
362	435
362	436
362	438
362	440
362	442
362	443
362	444
362	449
362	452
362	456
362	459
362	467
362	474
362	478
362	483
362	496
362	516
362	538
362	540
362	563
362	579
362	595
363	375
363	376
363	378
363	380
363	383
363	386
363	392
363	393
363	397
363	398
363	399
363	403
363	408
363	412
363	417
363	420
363	422
363	431
363	433
363	441
363	444
363	449
363	452
363	455
363	458
363	459
363	471
363	472
363	473
363	474
363	475
363	481
363	499
363	530
363	578
363	581
364	371
364	374
364	376
364	385
364	387
364	388
364	391
364	394
364	397
364	399
364	402
364	405
364	411
364	417
364	426
364	433
364	437
364	443
364	449
364	452
364	455
364	458
364	466
364	470
364	473
364	483
364	513
364	514
364	528
364	529
364	540
364	573
364	594
365	368
365	370
365	373
365	377
365	378
365	379
365	380
365	382
365	391
365	398
365	406
365	408
365	409
365	420
365	422
365	426
365	428
365	430
365	435
365	436
365	446
365	447
365	453
365	456
365	457
365	472
365	483
366	371
366	373
366	376
366	377
366	379
366	382
366	387
366	393
366	400
366	416
366	418
366	420
366	423
366	425
366	429
366	432
366	437
366	438
366	440
366	443
366	448
366	456
366	460
366	464
366	470
366	505
366	522
366	530
366	557
366	588
366	594
366	599
367	369
367	372
367	374
367	375
367	378
367	385
367	386
367	390
367	397
367	398
367	400
367	401
367	407
367	408
367	411
367	413
367	420
367	423
367	426
367	430
367	431
367	432
367	435
367	438
367	439
367	441
367	442
367	451
367	455
367	460
367	463
367	471
367	472
367	523
367	580
367	586
368	371
368	372
368	375
368	377
368	380
368	382
368	383
368	385
368	388
368	391
368	412
368	413
368	414
368	424
368	425
368	429
368	433
368	442
368	456
368	458
368	459
368	468
368	476
368	481
368	503
368	515
368	519
368	535
368	545
368	570
368	571
368	599
369	370
369	378
369	385
369	390
369	391
369	392
369	399
369	403
369	405
369	406
369	413
369	414
369	418
369	421
369	426
369	430
369	431
369	432
369	438
369	444
369	452
369	453
369	540
369	545
369	552
369	573
370	372
370	374
370	375
370	376
370	385
370	387
370	390
370	406
370	409
370	410
370	415
370	417
370	419
370	423
370	427
370	431
370	437
370	440
370	441
370	443
370	462
370	464
370	469
370	470
370	475
370	476
370	514
370	574
370	579
371	376
371	378
371	382
371	390
371	392
371	393
371	400
371	401
371	405
371	406
371	409
371	412
371	413
371	416
371	426
371	430
371	442
371	446
371	447
371	455
371	457
371	459
371	463
371	464
371	469
371	480
371	587
372	374
372	382
372	394
372	395
372	398
372	399
372	408
372	412
372	419
372	421
372	422
372	425
372	427
372	430
372	431
372	432
372	435
372	438
372	446
372	447
372	448
372	454
372	455
372	465
372	473
372	478
372	485
372	532
372	582
372	591
373	378
373	380
373	385
373	387
373	396
373	398
373	399
373	403
373	407
373	408
373	410
373	420
373	421
373	428
373	429
373	430
373	431
373	437
373	448
373	452
373	457
373	458
373	463
373	465
373	469
373	478
373	501
373	551
373	553
373	564
374	377
374	380
374	385
374	386
374	395
374	399
374	416
374	418
374	424
374	431
374	453
374	461
374	476
374	488
374	494
374	526
374	529
374	548
374	553
374	581
374	584
374	596
374	598
375	376
375	383
375	385
375	387
375	391
375	396
375	398
375	399
375	400
375	402
375	407
375	411
375	414
375	422
375	435
375	440
375	441
375	447
375	449
375	450
375	460
375	461
375	462
375	463
375	467
375	472
375	474
375	476
375	484
375	496
375	509
375	528
375	599
376	382
376	383
376	388
376	406
376	412
376	422
376	423
376	434
376	439
376	441
376	442
376	447
376	450
376	455
376	456
376	458
376	462
376	464
376	469
376	474
376	476
376	484
376	496
376	499
376	525
376	541
376	569
376	589
377	384
377	388
377	389
377	394
377	397
377	401
377	409
377	410
377	412
377	416
377	418
377	419
377	424
377	432
377	443
377	445
377	451
377	455
377	457
377	462
377	465
377	467
377	472
377	474
377	476
377	478
377	517
377	526
377	527
377	549
377	564
377	566
377	576
377	589
378	384
378	385
378	392
378	394
378	403
378	405
378	407
378	420
378	422
378	424
378	427
378	429
378	432
378	436
378	440
378	442
378	448
378	451
378	454
378	465
378	469
378	515
378	525
378	526
378	527
378	530
378	565
378	579
379	380
379	382
379	383
379	391
379	394
379	396
379	400
379	404
379	409
379	410
379	416
379	418
379	424
379	425
379	437
379	440
379	442
379	444
379	447
379	456
379	457
379	459
379	460
379	461
379	463
379	468
379	473
379	476
379	478
379	479
379	506
379	589
380	385
380	388
380	396
380	398
380	406
380	408
380	416
380	417
380	424
380	425
380	426
380	435
380	439
380	440
380	450
380	453
380	456
380	459
380	468
380	472
380	475
380	476
380	479
380	504
380	513
380	526
380	529
380	535
380	548
380	569
380	577
380	582
381	385
381	390
381	391
381	396
381	398
381	406
381	410
381	411
381	412
381	416
381	418
381	419
381	436
381	437
381	438
381	439
381	441
381	452
381	454
381	461
381	463
381	464
381	465
381	468
381	469
381	473
381	474
381	546
381	555
381	557
381	561
381	568
382	383
382	396
382	397
382	399
382	412
382	423
382	426
382	427
382	429
382	434
382	436
382	451
382	452
382	455
382	460
382	473
382	476
382	477
382	478
382	484
382	487
382	497
382	512
382	528
382	534
382	567
382	599
383	389
383	390
383	392
383	396
383	397
383	398
383	401
383	402
383	404
383	407
383	409
383	418
383	429
383	431
383	435
383	438
383	439
383	443
383	451
383	452
383	454
383	456
383	458
383	461
383	463
383	464
383	466
383	470
383	478
384	385
384	386
384	389
384	392
384	394
384	398
384	399
384	404
384	406
384	409
384	410
384	418
384	419
384	422
384	427
384	431
384	433
384	435
384	436
384	442
384	445
384	447
384	451
384	452
384	455
384	468
384	478
384	512
384	516
384	552
384	562
384	583
384	591
385	386
385	390
385	391
385	393
385	398
385	400
385	403
385	404
385	420
385	423
385	424
385	425
385	426
385	427
385	434
385	436
385	442
385	444
385	445
385	446
385	447
385	454
385	455
385	457
385	458
385	460
385	461
385	471
385	473
385	552
385	567
385	599
386	392
386	398
386	408
386	410
386	418
386	423
386	424
386	434
386	441
386	444
386	457
386	459
386	465
386	469
386	472
386	476
386	479
386	504
386	508
386	538
386	594
387	394
387	399
387	408
387	415
387	420
387	427
387	434
387	446
387	458
387	461
387	463
387	465
387	474
387	475
387	481
387	537
387	541
387	544
388	396
388	399
388	402
388	408
388	415
388	427
388	429
388	435
388	437
388	444
388	446
388	456
388	462
388	463
388	469
388	507
388	510
388	525
388	550
388	561
388	570
388	586
388	591
389	397
389	399
389	401
389	402
389	407
389	412
389	422
389	423
389	433
389	435
389	441
389	443
389	449
389	450
389	455
389	459
389	460
389	464
389	466
389	467
389	471
389	476
389	497
389	516
389	519
389	559
389	585
389	586
390	406
390	427
390	428
390	432
390	435
390	437
390	451
390	452
390	454
390	460
390	473
390	474
390	475
390	476
390	532
390	536
390	539
390	571
390	572
391	392
391	401
391	408
391	413
391	415
391	422
391	423
391	425
391	427
391	429
391	432
391	433
391	435
391	436
391	442
391	444
391	450
391	451
391	453
391	457
391	459
391	460
391	464
391	467
391	471
391	477
391	512
391	543
392	393
392	395
392	398
392	399
392	404
392	408
392	409
392	411
392	412
392	416
392	417
392	418
392	430
392	434
392	444
392	450
392	452
392	460
392	466
392	469
392	470
392	471
392	476
392	477
392	482
392	495
392	519
392	545
392	572
392	584
392	597
392	598
393	396
393	402
393	403
393	411
393	429
393	430
393	435
393	440
393	442
393	454
393	456
393	461
393	464
393	475
393	482
393	488
393	580
394	405
394	407
394	412
394	420
394	423
394	424
394	426
394	434
394	444
394	447
394	449
394	458
394	459
394	464
394	471
394	475
394	497
394	506
394	507
394	554
394	563
395	401
395	405
395	407
395	409
395	411
395	418
395	421
395	431
395	432
395	437
395	440
395	445
395	446
395	447
395	448
395	456
395	466
395	467
395	472
395	477
395	551
395	552
395	556
395	557
395	572
395	593
395	596
396	401
396	404
396	408
396	411
396	412
396	414
396	415
396	417
396	419
396	423
396	425
396	436
396	443
396	448
396	450
396	454
396	466
396	473
396	478
396	483
396	513
396	570
396	574
396	585
397	399
397	404
397	411
397	412
397	413
397	415
397	417
397	418
397	421
397	427
397	431
397	437
397	443
397	444
397	448
397	449
397	457
397	459
397	462
397	468
397	478
397	537
397	542
397	567
397	593
398	404
398	409
398	416
398	420
398	423
398	424
398	425
398	426
398	428
398	429
398	436
398	445
398	449
398	453
398	454
398	456
398	458
398	467
398	475
398	483
398	494
398	495
398	504
398	510
398	582
398	592
399	403
399	404
399	406
399	409
399	414
399	419
399	422
399	427
399	429
399	430
399	432
399	433
399	438
399	439
399	443
399	452
399	458
399	459
399	470
399	471
399	472
399	474
399	476
399	479
399	493
399	513
399	569
399	577
399	592
399	593
400	402
400	404
400	406
400	407
400	412
400	413
400	415
400	416
400	423
400	424
400	425
400	428
400	432
400	433
400	434
400	436
400	439
400	442
400	447
400	449
400	453
400	462
400	472
400	473
400	476
400	493
400	558
400	566
400	573
400	575
400	586
400	590
401	410
401	411
401	412
401	417
401	419
401	427
401	431
401	439
401	449
401	451
401	456
401	463
401	468
401	475
401	486
401	498
401	503
401	506
401	513
401	516
401	517
401	521
401	567
401	573
401	580
401	585
402	403
402	404
402	421
402	434
402	436
402	439
402	441
402	442
402	449
402	456
402	457
402	459
402	461
402	462
402	463
402	465
402	470
402	479
402	480
402	481
402	493
402	507
402	525
402	541
402	543
402	544
402	586
402	590
403	404
403	409
403	413
403	416
403	418
403	424
403	429
403	431
403	441
403	444
403	461
403	468
403	473
403	475
403	482
403	511
403	516
403	538
403	539
403	557
403	561
403	569
404	407
404	409
404	414
404	418
404	427
404	428
404	439
404	443
404	446
404	447
404	450
404	452
404	456
404	457
404	467
404	473
404	524
404	539
404	565
404	574
404	588
405	409
405	417
405	423
405	428
405	429
405	432
405	433
405	438
405	453
405	465
405	478
405	484
405	496
405	498
405	537
405	553
405	559
405	584
405	592
406	409
406	413
406	415
406	421
406	424
406	434
406	435
406	440
406	442
406	446
406	448
406	453
406	459
406	461
406	462
406	473
406	477
406	478
406	503
406	532
406	549
406	552
406	558
406	563
406	575
407	410
407	413
407	419
407	421
407	422
407	429
407	436
407	448
407	451
407	453
407	454
407	460
407	464
407	467
407	473
407	474
407	476
407	524
407	527
407	546
407	565
407	579
407	596
408	410
408	418
408	425
408	430
408	432
408	434
408	439
408	445
408	460
408	461
408	462
408	467
408	468
408	470
408	504
408	557
408	570
408	579
408	595
409	413
409	415
409	417
409	421
409	429
409	431
409	433
409	435
409	444
409	445
409	446
409	453
409	461
409	462
409	463
409	470
409	471
409	473
409	475
409	478
409	479
409	535
409	556
410	416
410	426
410	427
410	428
410	429
410	430
410	432
410	435
410	440
410	442
410	445
410	447
410	448
410	452
410	458
410	459
410	463
410	464
410	465
410	478
410	479
410	507
410	509
410	518
410	543
410	578
410	589
411	412
411	414
411	415
411	419
411	421
411	422
411	424
411	425
411	428
411	433
411	434
411	436
411	438
411	439
411	440
411	442
411	444
411	445
411	446
411	448
411	450
411	452
411	459
411	473
411	477
411	500
411	544
411	548
411	560
411	588
411	592
412	422
412	427
412	428
412	430
412	443
412	444
412	448
412	451
412	452
412	456
412	459
412	472
412	473
412	479
412	486
412	513
412	546
412	564
412	581
412	592
413	414
413	435
413	438
413	444
413	449
413	458
413	464
413	470
413	473
413	475
413	476
413	478
413	479
413	498
413	507
413	520
413	559
414	415
414	416
414	424
414	426
414	436
414	449
414	457
414	464
414	472
414	475
414	481
414	510
414	511
414	580
415	419
415	427
415	428
415	430
415	432
415	444
415	451
415	457
415	459
415	464
415	468
415	469
415	478
415	479
415	483
415	499
415	500
415	514
415	547
416	417
416	421
416	424
416	426
416	431
416	432
416	441
416	442
416	446
416	448
416	453
416	458
416	461
416	465
416	476
416	478
416	497
416	498
416	501
416	502
416	530
416	566
416	567
416	581
416	595
417	418
417	422
417	424
417	428
417	429
417	434
417	435
417	438
417	442
417	445
417	450
417	452
417	453
417	455
417	457
417	464
417	478
417	479
417	487
417	497
417	536
417	556
417	579
417	583
417	584
417	585
417	587
418	421
418	425
418	432
418	433
418	434
418	435
418	436
418	437
418	447
418	448
418	449
418	450
418	451
418	452
418	457
418	463
418	467
418	468
418	474
418	478
418	479
418	484
418	500
418	524
418	552
418	574
418	594
418	597
418	598
419	421
419	434
419	435
419	441
419	442
419	449
419	454
419	455
419	460
419	468
419	472
419	478
419	500
419	517
419	552
420	428
420	430
420	432
420	433
420	439
420	442
420	445
420	451
420	453
420	454
420	461
420	467
420	472
420	478
420	505
420	525
420	554
421	424
421	427
421	439
421	440
421	441
421	445
421	451
421	452
421	454
421	464
421	476
421	477
421	514
421	515
421	530
421	547
421	575
421	592
422	424
422	427
422	429
422	432
422	433
422	434
422	438
422	445
422	453
422	455
422	460
422	461
422	464
422	474
422	504
422	505
422	517
422	522
422	541
422	545
422	567
423	431
423	434
423	440
423	444
423	445
423	449
423	452
423	453
423	454
423	457
423	475
423	476
423	480
423	510
423	529
423	550
423	553
423	555
423	557
423	568
423	574
423	577
423	586
424	432
424	437
424	438
424	439
424	444
424	447
424	452
424	453
424	458
424	459
424	465
424	471
424	473
424	475
424	519
424	520
424	564
425	426
425	429
425	430
425	432
425	439
425	440
425	442
425	443
425	444
425	452
425	463
425	469
425	470
425	473
425	484
425	495
425	524
425	525
425	538
425	572
425	588
425	599
426	431
426	433
426	437
426	439
426	440
426	446
426	447
426	454
426	455
426	456
426	463
426	464
426	465
426	477
426	478
426	514
426	531
426	533
426	581
427	430
427	432
427	433
427	434
427	436
427	445
427	450
427	451
427	453
427	459
427	461
427	478
427	479
427	490
427	515
427	530
427	534
427	537
428	435
428	440
428	446
428	449
428	462
428	467
428	468
428	470
428	471
428	474
428	476
428	477
428	478
428	499
428	518
428	522
428	537
428	542
428	544
428	546
428	586
429	435
429	436
429	459
429	474
429	498
429	500
429	584
429	594
430	436
430	450
430	451
430	454
430	464
430	473
430	528
430	535
431	441
431	442
431	443
431	447
431	454
431	455
431	457
431	458
431	468
431	469
431	472
431	474
431	475
431	476
431	479
431	481
431	498
431	513
431	522
431	526
431	546
431	551
431	595
432	448
432	451
432	468
432	471
432	474
432	477
432	478
432	479
432	481
432	553
432	572
433	435
433	441
433	443
433	446
433	449
433	450
433	466
433	469
433	470
433	476
433	483
433	519
433	531
433	568
433	573
433	575
433	597
433	599
434	438
434	442
434	446
434	454
434	458
434	459
434	467
434	502
434	560
434	589
435	444
435	447
435	455
435	462
435	465
435	467
435	473
435	477
435	490
436	444
436	449
436	457
436	461
436	462
436	464
436	467
436	468
436	471
436	472
436	483
436	512
436	521
436	544
436	550
436	559
436	562
436	599
437	438
437	443
437	452
437	456
437	462
437	472
437	474
437	479
437	497
437	547
437	555
437	598
438	442
438	444
438	446
438	463
438	464
438	467
438	468
438	481
438	491
438	525
438	547
438	558
438	576
438	590
438	594
439	441
439	450
439	460
439	467
439	475
439	478
439	479
439	480
439	546
440	442
440	454
440	463
440	465
440	472
440	501
440	525
440	528
440	555
440	560
440	580
440	596
441	443
441	445
441	451
441	452
441	453
441	454
441	455
441	457
441	463
441	470
441	479
441	560
442	445
442	447
442	451
442	454
442	457
442	460
442	462
442	464
442	473
442	512
442	548
442	563
442	569
443	460
443	462
443	470
443	478
443	499
443	508
443	575
443	581
444	450
444	451
444	453
444	454
444	455
444	457
444	460
444	461
444	466
444	473
444	501
444	522
444	532
444	533
444	580
445	446
445	457
445	459
445	464
445	474
445	477
445	478
445	485
445	493
445	504
445	538
445	543
445	584
446	448
446	452
446	455
446	456
446	459
446	465
446	474
446	479
446	493
446	497
446	504
447	456
447	459
447	460
447	462
447	471
447	475
447	478
447	493
447	542
447	546
447	573
448	455
448	458
448	459
448	461
448	462
448	465
448	468
448	473
448	474
448	476
448	479
448	543
448	546
448	553
448	575
449	450
449	452
449	456
449	458
449	468
449	486
449	542
449	570
449	592
450	451
450	452
450	457
450	461
450	463
450	467
450	475
450	506
450	507
450	548
451	457
451	458
451	459
451	461
451	462
451	464
451	465
451	472
451	473
451	477
451	478
451	497
451	546
451	555
451	571
452	461
452	466
452	474
452	478
452	498
452	521
452	540
452	578
453	460
453	464
453	465
453	472
453	491
453	533
453	546
453	561
453	572
453	575
454	456
454	457
454	459
454	461
454	467
454	468
454	473
454	498
455	459
455	460
455	468
455	471
455	472
455	474
455	479
455	498
455	517
455	599
456	457
456	458
456	463
456	468
456	469
456	470
456	471
456	481
456	514
456	556
456	571
456	583
457	462
457	470
457	497
457	507
457	515
457	533
457	547
457	554
457	564
457	589
458	459
458	460
458	468
458	470
458	471
458	476
458	477
458	499
458	507
458	519
458	584
459	460
459	462
459	463
459	474
459	479
459	489
459	506
459	507
459	518
459	526
459	545
459	553
459	579
460	469
460	474
460	475
460	479
460	483
460	506
460	507
460	568
460	594
461	462
461	463
461	465
461	468
461	471
461	475
461	476
461	481
461	505
461	550
461	555
461	569
461	598
462	465
462	466
462	467
462	471
462	474
462	475
462	476
462	480
462	485
462	529
462	579
463	466
463	476
463	490
463	563
463	582
464	466
464	467
464	468
464	469
464	470
464	474
464	499
464	505
464	518
464	577
464	578
464	594
465	466
465	467
465	468
465	470
465	478
465	567
466	467
466	469
466	474
466	475
466	479
466	489
466	498
466	516
466	595
467	470
467	476
467	477
467	509
467	533
467	541
467	545
467	550
468	469
468	470
468	472
468	474
468	475
468	498
468	514
468	562
469	472
469	473
469	475
469	478
469	496
469	567
470	472
470	473
470	479
470	483
470	519
470	575
470	583
470	589
470	593
471	477
471	527
471	565
472	474
472	490
472	532
472	559
472	564
472	569
472	577
472	586
473	474
473	476
473	478
473	525
473	569
473	578
473	582
473	597
473	598
474	478
474	500
474	506
474	534
474	543
474	544
474	547
474	586
474	591
475	478
475	494
475	505
475	519
475	538
476	507
476	518
476	532
476	533
476	557
477	490
477	517
477	549
477	565
477	581
477	582
478	492
478	496
478	524
478	527
478	539
478	555
478	560
478	569
478	585
478	586
478	588
478	596
479	503
479	506
479	515
479	530
479	538
479	542
479	573
480	484
480	489
480	493
480	497
480	500
480	505
480	506
480	508
480	513
480	515
480	523
480	528
480	529
480	532
480	534
480	535
480	541
480	550
480	561
480	564
480	565
480	567
480	571
480	573
480	577
480	582
480	594
481	483
481	493
481	497
481	501
481	504
481	508
481	512
481	514
481	516
481	518
481	519
481	526
481	530
481	536
481	537
481	541
481	542
481	543
481	552
481	553
481	556
481	557
481	558
481	560
481	561
481	564
481	569
481	570
481	576
481	577
481	592
481	593
481	595
481	597
482	492
482	496
482	502
482	504
482	511
482	512
482	518
482	520
482	521
482	533
482	542
482	543
482	544
482	546
482	547
482	548
482	556
482	560
482	561
482	563
482	567
482	577
482	579
482	586
482	587
482	593
483	489
483	490
483	491
483	497
483	502
483	503
483	504
483	509
483	511
483	526
483	530
483	531
483	538
483	539
483	540
483	551
483	556
483	558
483	560
483	561
483	563
483	565
483	567
483	570
483	577
483	579
483	586
483	587
483	588
483	589
483	595
484	486
484	487
484	499
484	503
484	504
484	508
484	511
484	512
484	513
484	515
484	519
484	530
484	534
484	535
484	536
484	537
484	540
484	543
484	549
484	562
484	563
484	564
484	565
484	566
484	567
484	574
484	576
484	578
484	585
484	587
484	591
484	592
484	593
484	597
484	598
484	599
485	493
485	494
485	496
485	499
485	510
485	511
485	517
485	519
485	528
485	532
485	536
485	541
485	547
485	549
485	550
485	554
485	555
485	560
485	563
485	570
485	582
485	584
485	588
485	589
485	590
485	591
485	592
486	488
486	492
486	493
486	497
486	506
486	512
486	514
486	519
486	525
486	526
486	532
486	538
486	540
486	544
486	553
486	565
486	566
486	570
486	582
486	586
486	587
486	595
486	597
487	488
487	492
487	501
487	505
487	506
487	509
487	512
487	519
487	521
487	529
487	535
487	536
487	537
487	538
487	544
487	548
487	550
487	553
487	560
487	567
487	598
488	492
488	501
488	507
488	510
488	511
488	513
488	517
488	519
488	537
488	538
488	542
488	543
488	554
488	557
488	558
488	561
488	566
488	570
488	574
488	580
488	584
488	587
488	592
488	593
488	595
489	490
489	491
489	492
489	494
489	498
489	499
489	504
489	509
489	510
489	513
489	515
489	516
489	527
489	528
489	533
489	535
489	538
489	539
489	541
489	544
489	545
489	549
489	554
489	555
489	559
489	560
489	563
489	565
489	572
489	576
489	579
489	581
489	585
489	594
489	596
490	495
490	498
490	500
490	508
490	512
490	514
490	522
490	527
490	542
490	554
490	555
490	557
490	567
490	569
490	573
490	574
490	589
490	591
490	594
490	597
491	495
491	499
491	505
491	508
491	511
491	512
491	516
491	517
491	520
491	525
491	531
491	534
491	535
491	543
491	545
491	550
491	554
491	558
491	559
491	569
491	581
491	582
491	584
491	586
491	587
491	589
491	595
491	596
491	598
492	495
492	508
492	509
492	521
492	522
492	523
492	527
492	532
492	534
492	536
492	537
492	538
492	541
492	550
492	552
492	555
492	565
492	567
492	568
492	570
492	578
492	579
492	582
492	589
492	595
492	598
493	496
493	497
493	499
493	501
493	510
493	513
493	530
493	531
493	536
493	543
493	547
493	548
493	551
493	552
493	559
493	563
493	568
493	581
493	582
493	583
493	590
493	591
493	596
493	599
494	497
494	499
494	500
494	503
494	507
494	511
494	517
494	519
494	524
494	527
494	528
494	532
494	539
494	545
494	547
494	562
494	573
494	577
494	578
494	583
494	584
494	589
494	590
494	594
495	498
495	500
495	501
495	503
495	509
495	510
495	512
495	513
495	515
495	521
495	523
495	540
495	545
495	547
495	556
495	558
495	559
495	566
495	570
495	571
495	579
495	580
495	582
495	584
495	590
495	592
495	593
495	596
495	599
496	498
496	502
496	510
496	511
496	516
496	517
496	520
496	526
496	528
496	529
496	533
496	534
496	535
496	539
496	540
496	545
496	546
496	550
496	551
496	557
496	563
496	572
496	573
496	578
496	585
496	586
496	592
496	593
496	594
496	597
497	504
497	512
497	517
497	521
497	523
497	532
497	539
497	544
497	549
497	551
497	553
497	554
497	558
497	559
497	562
497	566
497	582
497	584
497	587
497	588
497	596
497	597
497	598
498	512
498	517
498	520
498	522
498	528
498	529
498	530
498	533
498	537
498	547
498	548
498	549
498	555
498	557
498	563
498	570
498	577
498	589
498	598
499	504
499	512
499	516
499	521
499	522
499	525
499	532
499	533
499	539
499	554
499	561
499	564
499	577
499	587
499	590
499	591
500	502
500	503
500	506
500	507
500	515
500	520
500	521
500	525
500	532
500	533
500	537
500	538
500	541
500	545
500	547
500	551
500	552
500	553
500	560
500	567
500	568
500	584
500	586
500	587
500	589
500	592
500	597
501	504
501	516
501	517
501	528
501	529
501	531
501	533
501	536
501	537
501	538
501	549
501	556
501	559
501	563
501	564
501	568
501	582
501	583
501	584
501	594
501	598
502	517
502	531
502	532
502	533
502	539
502	540
502	544
502	552
502	559
502	560
502	572
502	579
502	581
502	593
502	598
503	509
503	515
503	517
503	521
503	527
503	532
503	537
503	545
503	548
503	549
503	551
503	556
503	562
503	563
503	564
503	569
503	571
503	578
503	582
503	584
503	585
503	588
503	595
504	505
504	506
504	509
504	514
504	518
504	521
504	523
504	547
504	554
504	574
504	575
504	580
504	581
504	590
504	591
504	597
504	598
504	599
505	507
505	509
505	512
505	518
505	519
505	524
505	525
505	528
505	529
505	532
505	535
505	540
505	544
505	550
505	552
505	560
505	565
505	573
505	575
505	579
505	580
505	581
505	582
505	588
505	591
506	512
506	514
506	529
506	530
506	536
506	553
506	559
506	560
506	561
506	572
506	581
506	583
506	584
506	592
507	512
507	513
507	517
507	521
507	523
507	528
507	531
507	533
507	534
507	544
507	551
507	553
507	558
507	566
507	567
507	570
507	571
507	577
507	582
507	589
507	590
507	594
507	595
507	597
508	509
508	511
508	513
508	524
508	528
508	533
508	537
508	541
508	543
508	549
508	554
508	557
508	558
508	562
508	564
508	569
508	571
508	573
508	582
508	586
508	588
508	590
508	597
508	598
509	511
509	517
509	520
509	524
509	527
509	532
509	537
509	539
509	540
509	545
509	548
509	549
509	553
509	557
509	566
509	569
509	570
509	572
509	573
509	578
509	579
509	583
509	585
509	589
509	596
509	597
509	598
509	599
510	512
510	515
510	516
510	520
510	521
510	523
510	524
510	527
510	531
510	534
510	535
510	539
510	541
510	544
510	545
510	549
510	554
510	555
510	561
510	566
510	572
510	576
510	582
510	584
510	585
510	593
510	598
511	515
511	516
511	517
511	519
511	527
511	537
511	542
511	544
511	546
511	554
511	555
511	561
511	565
511	566
511	572
511	573
511	580
511	587
511	590
511	591
511	593
511	595
512	526
512	531
512	538
512	549
512	555
512	556
512	558
512	560
512	566
512	581
512	584
512	586
512	593
512	596
512	597
513	514
513	517
513	521
513	523
513	527
513	529
513	544
513	547
513	549
513	560
513	566
513	574
513	579
513	580
513	585
513	587
513	590
514	520
514	524
514	527
514	528
514	531
514	537
514	543
514	544
514	549
514	550
514	551
514	553
514	556
514	564
514	567
514	568
514	572
514	579
515	516
515	517
515	521
515	527
515	528
515	533
515	536
515	537
515	548
515	549
515	552
515	554
515	558
515	561
515	571
515	585
515	591
515	597
516	517
516	523
516	525
516	531
516	535
516	539
516	542
516	548
516	549
516	552
516	553
516	554
516	555
516	557
516	570
516	571
516	578
516	579
516	581
516	582
516	586
516	587
516	589
517	521
517	522
517	525
517	529
517	536
517	543
517	548
517	553
517	556
517	570
517	571
517	581
517	583
517	594
517	595
517	596
518	519
518	520
518	524
518	530
518	531
518	532
518	539
518	542
518	545
518	547
518	550
518	551
518	552
518	554
518	561
518	565
518	568
518	572
518	577
518	578
518	583
518	585
518	591
518	596
519	528
519	531
519	534
519	535
519	539
519	541
519	546
519	549
519	553
519	557
519	559
519	560
519	562
519	569
519	571
519	573
519	576
519	584
519	585
519	591
519	594
520	521
520	522
520	524
520	525
520	534
520	535
520	539
520	541
520	545
520	556
520	557
520	564
520	569
520	574
520	580
520	587
520	588
520	589
520	590
520	591
520	594
520	595
520	598
520	599
521	522
521	525
521	526
521	531
521	541
521	544
521	548
521	554
521	559
521	561
521	563
521	565
521	569
521	573
521	581
521	582
521	586
521	596
521	598
522	525
522	526
522	528
522	532
522	534
522	536
522	537
522	544
522	546
522	551
522	552
522	555
522	560
522	565
522	566
522	569
522	571
522	587
522	589
522	591
522	595
522	598
522	599
523	525
523	527
523	532
523	537
523	540
523	542
523	545
523	550
523	551
523	552
523	560
523	561
523	565
523	567
523	571
523	576
523	579
523	584
523	585
523	587
523	589
523	595
524	525
524	526
524	531
524	536
524	547
524	567
524	578
524	582
524	585
524	597
525	526
525	528
525	529
525	532
525	534
525	536
525	538
525	539
525	549
525	553
525	556
525	559
525	560
525	567
525	569
525	577
525	580
525	581
525	583
525	588
525	589
525	592
525	594
525	595
525	596
526	528
526	530
526	546
526	547
526	551
526	553
526	556
526	559
526	568
526	569
526	570
526	573
526	583
526	587
526	598
527	530
527	537
527	542
527	550
527	560
527	562
527	569
527	572
527	575
527	580
527	582
527	584
527	585
527	590
527	595
528	529
528	532
528	536
528	537
528	540
528	546
528	557
528	560
528	569
528	573
528	574
528	584
528	585
528	588
528	590
528	597
528	599
529	549
529	554
529	556
529	564
529	566
529	577
529	580
529	582
529	587
529	588
529	593
529	594
530	534
530	537
530	538
530	554
530	563
530	569
530	570
530	571
530	587
530	589
530	593
530	599
531	535
531	537
531	540
531	546
531	549
531	561
531	562
531	563
531	574
531	577
531	584
531	589
532	534
532	535
532	538
532	540
532	542
532	544
532	551
532	555
532	558
532	561
532	565
532	570
532	580
532	581
532	583
532	596
532	599
533	540
533	544
533	551
533	552
533	558
533	559
533	562
533	564
533	566
533	569
533	571
533	580
533	587
533	590
533	592
533	593
533	594
533	596
533	597
534	538
534	545
534	548
534	549
534	554
534	566
534	568
534	589
534	590
534	593
534	596
535	539
535	546
535	547
535	548
535	549
535	550
535	557
535	558
535	561
535	567
535	570
535	573
535	577
535	579
535	584
535	587
535	591
535	597
535	598
536	539
536	541
536	545
536	547
536	554
536	555
536	558
536	565
536	573
536	574
536	581
536	590
536	592
536	594
536	599
537	540
537	541
537	543
537	554
537	556
537	563
537	564
537	567
537	568
537	572
537	576
537	585
537	593
537	595
538	543
538	544
538	557
538	558
538	563
538	570
538	584
538	585
538	587
538	593
539	540
539	547
539	551
539	554
539	556
539	560
539	562
539	568
539	569
539	573
539	575
539	576
539	577
539	579
539	582
539	584
539	588
539	593
539	595
539	597
540	545
540	546
540	549
540	553
540	556
540	575
540	577
540	580
540	582
540	586
540	587
540	589
540	594
541	545
541	568
541	570
541	573
541	574
541	577
541	580
541	582
541	584
541	585
541	597
541	598
542	549
542	556
542	561
542	564
542	568
542	570
542	573
542	580
542	581
542	582
542	586
542	587
542	590
542	594
542	597
542	598
543	553
543	555
543	559
543	567
543	572
543	578
543	582
543	590
543	591
543	597
544	546
544	555
544	558
544	567
544	572
544	574
544	580
544	581
544	582
545	546
545	563
545	564
545	569
545	570
545	574
545	576
545	580
545	583
545	588
545	589
545	591
545	593
545	595
545	596
545	598
546	550
546	556
546	563
546	565
546	568
546	569
546	585
546	591
546	594
547	548
547	557
547	559
547	561
547	564
547	567
547	570
547	577
547	592
547	593
547	597
547	598
547	599
548	552
548	553
548	555
548	556
548	559
548	569
548	570
548	572
548	578
548	584
548	585
548	587
548	588
549	554
549	556
549	561
549	563
549	564
549	582
549	583
549	585
549	590
549	591
550	554
550	555
550	558
550	562
550	568
550	570
550	572
550	574
550	576
550	579
550	583
550	584
550	585
550	592
550	598
551	553
551	559
551	571
551	574
551	578
551	587
551	590
551	593
551	595
551	599
552	560
552	567
552	574
552	585
552	586
552	587
552	590
552	593
552	594
552	598
553	555
553	560
553	564
553	566
553	567
553	574
553	580
553	584
553	591
553	593
553	597
554	558
554	559
554	560
554	562
554	567
554	573
554	586
554	590
554	597
555	558
555	564
555	566
555	572
555	573
555	578
555	582
555	584
555	585
555	591
555	594
556	558
556	559
556	561
556	567
556	568
556	574
556	575
556	576
556	577
556	582
556	584
556	585
556	593
557	564
557	568
557	569
557	572
557	578
557	581
557	583
557	588
557	595
557	597
557	598
558	567
558	580
558	584
558	585
558	587
558	595
559	561
559	562
559	564
559	570
559	581
559	582
559	584
559	585
559	587
559	589
559	590
559	598
560	561
560	567
560	570
560	575
560	585
560	588
560	593
560	595
561	572
561	580
561	583
561	590
561	593
561	595
562	572
562	590
562	592
562	594
562	597
563	570
563	571
563	572
563	581
563	583
563	586
563	594
563	596
564	566
564	570
564	573
564	574
564	577
564	579
564	583
564	591
564	595
565	567
565	572
565	573
565	578
565	580
565	590
565	591
565	593
565	599
566	568
566	569
566	571
566	578
566	580
566	582
566	583
566	584
566	585
566	590
566	591
566	592
567	578
567	580
567	586
567	588
567	589
567	599
568	569
568	570
568	572
568	575
568	589
568	590
568	593
568	594
568	596
569	580
569	581
569	583
569	586
569	597
570	571
570	572
570	574
570	579
570	590
570	592
570	594
570	595
571	573
571	574
571	575
571	578
571	582
571	584
571	589
571	590
571	594
572	578
572	583
572	584
572	587
572	590
572	591
572	592
572	595
572	596
572	597
573	574
573	576
573	577
573	582
573	584
573	585
573	593
574	578
574	584
574	591
575	586
575	587
575	590
575	596
575	597
575	599
576	584
576	586
576	595
576	598
577	579
577	585
577	589
577	591
577	599
578	587
578	588
578	589
578	597
579	582
579	583
579	584
579	589
580	590
580	593
581	584
582	584
582	590
582	592
582	595
583	592
583	594
583	596
583	599
584	596
584	598
584	599
585	587
585	590
585	594
585	597
585	598
586	593
586	594
587	595
588	592
589	594
589	595
589	596
590	594
591	594
591	597
591	598
593	597
593	599
594	598
594	599
595	598
595	599
596	599
597	599
