# k = 5
# N = 600
# alpha = 3
# beta = 0.666666666667
# Qe = 0.4
#	FromNodeId	ToNodeId
0	7
0	14
0	23
0	26
0	31
0	46
0	47
0	52
0	65
0	69
0	73
0	74
0	79
0	84
0	86
0	90
0	91
0	106
0	107
0	109
0	110
0	113
0	493
0	508
0	559
0	595
1	3
1	12
1	13
1	14
1	18
1	27
1	36
1	39
1	66
1	67
1	74
1	88
1	100
1	103
1	109
1	118
1	509
1	524
1	531
1	546
1	561
1	568
1	569
1	583
1	592
2	17
2	24
2	25
2	29
2	35
2	36
2	52
2	60
2	63
2	74
2	97
2	102
2	116
2	482
3	6
3	24
3	28
3	33
3	37
3	59
3	69
3	74
3	110
3	506
3	519
3	527
3	530
3	545
4	6
4	13
4	20
4	25
4	33
4	44
4	53
4	83
4	91
4	96
4	105
4	106
4	107
4	111
4	118
4	119
4	485
4	502
4	539
4	545
4	580
4	590
5	23
5	25
5	30
5	40
5	43
5	46
5	52
5	53
5	56
5	66
5	78
5	81
5	85
5	86
5	87
5	98
5	101
5	104
5	118
5	144
5	173
5	481
5	534
5	544
5	549
5	590
6	12
6	37
6	59
6	83
6	85
6	89
6	93
6	106
6	118
6	249
6	293
6	490
6	504
7	29
7	33
7	38
7	63
7	75
7	76
7	78
7	79
7	96
7	101
7	115
7	118
7	518
7	530
7	596
8	25
8	29
8	30
8	56
8	66
8	69
8	74
8	86
8	93
8	99
8	143
8	500
8	567
8	581
8	591
9	12
9	18
9	26
9	40
9	44
9	57
9	65
9	69
9	70
9	73
9	99
9	103
9	110
9	111
9	114
9	115
9	543
10	12
10	16
10	31
10	32
10	42
10	64
10	67
10	74
10	83
10	110
10	111
10	118
10	544
10	578
11	16
11	18
11	35
11	49
11	51
11	67
11	75
11	79
11	83
11	94
11	100
11	101
11	114
11	118
11	119
11	124
11	252
11	549
11	598
12	13
12	22
12	24
12	34
12	36
12	52
12	71
12	77
12	83
12	88
12	98
12	103
12	107
12	340
12	480
12	532
12	548
13	17
13	42
13	45
13	60
13	65
13	75
13	77
13	94
13	101
13	111
13	116
13	508
13	573
13	574
13	589
14	17
14	18
14	21
14	33
14	48
14	60
14	63
14	65
14	81
14	90
14	94
14	104
14	108
14	250
14	316
14	354
14	504
14	529
14	532
14	539
14	575
15	20
15	27
15	37
15	52
15	86
15	88
15	89
15	90
15	95
15	103
15	106
15	153
15	357
15	522
15	551
15	559
15	584
16	17
16	42
16	46
16	48
16	54
16	91
16	92
16	97
16	102
16	108
16	500
16	516
16	553
16	577
17	20
17	30
17	35
17	37
17	44
17	60
17	61
17	75
17	82
17	86
17	88
17	97
17	102
17	104
17	110
17	119
17	135
17	141
17	522
17	549
17	555
17	578
17	584
17	596
18	54
18	66
18	79
18	100
18	105
18	108
18	109
18	218
18	350
18	405
18	558
18	561
18	562
19	35
19	53
19	55
19	60
19	65
19	75
19	86
19	88
19	116
19	248
19	268
19	497
19	547
20	21
20	22
20	40
20	41
20	42
20	45
20	50
20	78
20	84
20	88
20	95
20	97
20	107
20	471
20	484
20	521
21	22
21	40
21	47
21	49
21	50
21	51
21	52
21	59
21	82
21	108
21	112
21	116
21	217
21	262
21	409
21	565
21	585
21	591
22	24
22	36
22	37
22	47
22	58
22	81
22	89
22	98
22	106
22	110
22	309
22	333
22	565
22	575
23	30
23	31
23	35
23	55
23	68
23	79
23	82
23	83
23	85
23	106
23	110
23	213
23	327
23	495
23	510
23	530
23	572
24	27
24	54
24	57
24	58
24	61
24	62
24	65
24	69
24	80
24	118
24	461
24	481
24	537
24	565
24	586
24	595
24	597
25	30
25	41
25	57
25	73
25	84
25	91
25	93
25	94
25	100
25	105
25	107
25	115
25	243
25	328
25	342
25	353
25	515
25	520
25	522
25	537
25	577
25	584
25	590
25	592
26	27
26	28
26	31
26	34
26	50
26	52
26	59
26	60
26	76
26	79
26	80
26	82
26	88
26	92
26	115
26	520
26	539
26	547
26	596
27	45
27	66
27	76
27	77
27	98
27	111
27	118
27	489
27	504
27	561
28	29
28	53
28	68
28	73
28	96
28	98
28	102
28	104
28	251
28	546
28	556
28	564
28	581
29	47
29	59
29	79
29	87
29	91
29	92
29	102
29	107
29	115
29	132
29	160
29	498
29	511
29	540
30	34
30	38
30	41
30	42
30	46
30	51
30	56
30	64
30	69
30	70
30	71
30	75
30	77
30	78
30	79
30	82
30	86
30	91
30	98
30	114
30	299
30	405
30	488
30	511
30	513
30	531
30	559
30	571
30	582
30	591
31	35
31	37
31	53
31	54
31	56
31	62
31	68
31	74
31	75
31	83
31	88
31	91
31	94
31	97
31	113
31	114
31	115
31	308
31	510
31	525
31	556
31	563
31	573
31	594
32	34
32	49
32	65
32	73
32	79
32	88
32	99
32	108
32	112
32	118
32	511
32	554
32	577
32	579
32	583
33	41
33	42
33	49
33	52
33	56
33	57
33	67
33	74
33	75
33	78
33	83
33	92
33	94
33	96
33	99
33	103
33	111
33	590
34	89
34	105
34	107
34	108
34	311
34	488
34	494
34	526
34	543
34	576
35	48
35	53
35	55
35	59
35	61
35	85
35	94
35	97
35	101
35	103
35	110
35	502
36	39
36	50
36	61
36	62
36	63
36	64
36	69
36	77
36	96
36	100
36	101
36	276
36	509
36	516
36	547
37	48
37	53
37	61
37	75
37	81
37	88
37	98
37	101
37	102
37	118
37	172
37	530
37	594
38	55
38	61
38	101
38	102
38	110
38	115
38	298
38	305
38	526
38	538
38	579
39	51
39	52
39	58
39	72
39	75
39	88
39	89
39	103
39	110
39	192
39	481
39	485
39	495
39	504
39	512
39	522
39	523
39	530
39	552
39	559
39	571
40	43
40	61
40	68
40	77
40	86
40	90
40	109
40	110
40	112
40	486
40	512
40	525
40	539
41	47
41	52
41	56
41	58
41	64
41	74
41	78
41	96
41	105
41	106
41	111
41	192
41	235
41	513
41	562
41	576
41	592
42	49
42	56
42	59
42	65
42	73
42	77
42	89
42	90
42	98
42	102
42	111
42	113
42	114
42	490
42	510
42	523
42	538
42	589
42	593
43	45
43	76
43	80
43	84
43	86
43	94
43	552
44	47
44	69
44	82
44	92
44	95
44	113
44	521
44	556
45	59
45	60
45	61
45	62
45	64
45	81
45	90
45	92
45	93
45	100
45	118
45	293
45	481
45	526
45	530
45	571
45	585
45	589
46	56
46	58
46	60
46	66
46	68
46	112
46	115
46	122
46	316
46	539
46	553
46	597
47	53
47	55
47	61
47	68
47	70
47	81
47	85
47	90
47	92
47	103
47	106
47	539
47	595
48	57
48	73
48	105
48	127
48	234
48	530
48	531
48	544
48	583
49	51
49	62
49	69
49	71
49	76
49	80
49	81
49	85
49	93
49	97
49	101
49	118
49	211
49	495
49	542
49	557
49	579
49	583
50	74
50	96
50	104
50	115
50	117
50	256
50	540
51	60
51	65
51	67
51	70
51	80
51	91
51	97
51	104
51	110
51	112
51	320
51	497
51	516
51	537
52	58
52	63
52	84
52	97
52	98
52	100
52	104
52	327
52	484
52	534
52	535
52	566
52	590
53	58
53	61
53	64
53	69
53	78
53	82
53	91
53	97
53	107
53	109
53	119
53	329
53	354
53	535
53	556
53	563
53	598
54	83
54	89
54	93
54	100
54	115
54	117
54	119
54	489
54	564
54	576
54	591
54	596
55	56
55	57
55	70
55	71
55	72
55	86
55	92
55	103
55	104
55	112
55	517
55	549
55	570
55	573
56	60
56	84
56	85
56	102
56	107
56	113
56	114
56	117
56	497
56	517
56	563
57	74
57	85
57	94
57	97
57	101
57	104
57	105
57	202
57	310
57	498
57	548
57	568
57	589
57	597
58	64
58	74
58	75
58	80
58	112
58	113
58	482
58	519
58	522
58	524
58	549
58	595
59	73
59	77
59	80
59	86
59	95
59	104
59	106
59	135
59	166
59	171
59	173
59	533
59	571
59	588
59	599
60	66
60	67
60	69
60	90
60	202
60	214
60	533
60	543
60	544
60	557
60	598
61	74
61	103
61	115
61	491
61	553
62	72
62	77
62	95
62	103
62	137
62	252
62	484
62	525
62	549
62	562
62	563
62	577
63	67
63	74
63	78
63	90
63	91
63	94
63	100
63	101
63	105
63	191
63	505
63	520
63	523
63	550
63	572
63	577
64	65
64	67
64	72
64	76
64	77
64	78
64	83
64	100
64	102
64	104
64	116
64	588
65	68
65	71
65	73
65	82
65	92
65	94
65	100
65	102
65	118
65	535
65	541
65	544
66	68
66	82
66	95
66	101
66	108
66	112
66	114
66	245
66	257
66	510
66	535
66	571
66	590
67	70
67	312
67	532
68	78
68	86
68	96
68	332
68	572
68	591
68	593
69	71
69	114
69	194
70	72
70	78
70	81
70	89
70	115
70	116
70	142
70	282
70	356
70	484
70	502
70	515
70	573
71	73
71	75
71	101
71	111
71	119
71	142
71	144
71	496
71	564
71	569
72	74
72	92
72	93
72	97
72	98
72	100
72	174
72	480
72	489
72	498
72	563
73	75
73	95
73	503
73	508
73	532
73	544
73	588
74	99
74	100
74	113
74	116
74	537
74	558
74	564
75	80
75	83
75	92
75	107
75	109
75	241
75	359
75	570
75	572
75	580
75	594
76	85
76	95
76	103
76	110
76	111
76	115
76	514
76	526
76	535
76	541
76	544
76	548
77	81
77	84
77	100
77	107
77	498
77	501
77	516
77	584
77	589
78	85
78	86
78	91
78	99
78	104
78	231
78	325
78	482
79	81
79	86
79	113
79	542
79	592
79	596
80	82
80	85
80	92
80	102
80	112
80	113
80	119
80	338
80	503
80	549
81	85
81	87
81	89
81	116
81	306
81	342
81	477
82	85
82	88
82	90
82	94
82	97
82	103
82	109
82	113
82	270
82	495
82	512
82	513
82	533
82	582
83	89
83	93
83	94
83	237
83	350
83	469
83	507
83	526
83	541
84	96
84	102
84	110
84	339
84	483
84	591
85	100
85	102
85	106
85	112
85	178
85	482
85	512
85	523
85	545
85	574
85	581
86	90
86	96
86	510
86	537
86	547
86	548
86	592
87	112
87	118
87	315
87	504
87	505
87	509
87	515
87	569
87	577
88	112
88	116
88	118
88	494
88	533
88	550
88	582
88	589
88	591
89	101
89	111
89	117
89	239
89	589
89	594
90	102
90	104
90	113
90	118
90	222
90	548
90	580
91	106
91	109
91	112
91	219
91	562
91	564
91	578
91	590
92	99
92	103
92	114
92	503
92	510
92	531
92	590
93	111
93	113
93	114
93	116
93	330
93	519
93	522
93	529
93	542
93	556
94	98
94	106
94	111
94	492
94	524
94	557
94	586
94	595
95	106
95	172
95	494
95	547
95	567
95	588
96	101
96	116
96	118
96	533
96	564
96	580
96	584
97	101
97	105
97	108
97	114
97	117
97	166
97	526
97	551
97	573
97	597
98	102
98	104
98	112
98	512
98	519
98	541
98	556
98	558
99	505
99	570
100	101
100	115
100	116
100	119
100	523
100	549
100	597
101	102
101	110
101	118
101	119
101	501
101	540
102	103
102	115
102	231
102	493
102	588
103	105
103	501
103	527
103	560
103	574
104	110
104	118
104	119
104	322
104	481
104	487
104	491
104	517
104	524
104	527
105	114
105	118
105	491
105	567
105	575
105	595
106	108
106	109
107	306
107	326
107	509
107	555
107	563
107	581
108	113
108	116
108	486
108	523
108	566
109	115
109	543
109	569
109	590
109	599
110	111
110	553
111	119
111	500
111	508
111	522
111	555
112	249
112	539
112	553
112	554
112	580
113	115
113	244
113	524
113	540
113	573
113	588
114	549
114	564
115	118
115	202
115	490
115	511
115	527
115	531
115	557
115	593
116	300
116	483
116	495
116	498
116	548
117	297
117	300
117	501
117	562
117	590
118	481
118	514
118	564
118	580
118	582
119	197
119	488
119	527
120	123
120	126
120	138
120	147
120	153
120	157
120	168
120	172
120	173
120	174
120	187
120	198
120	206
120	210
120	211
120	214
120	219
120	221
120	224
120	229
120	232
120	300
120	313
120	321
120	408
120	427
120	430
120	443
120	448
120	451
120	466
120	473
120	475
121	123
121	125
121	129
121	151
121	152
121	169
121	206
121	220
121	221
121	225
121	228
121	235
121	368
121	376
121	431
122	124
122	146
122	158
122	179
122	182
122	221
122	222
122	230
122	300
122	302
122	426
123	124
123	129
123	150
123	157
123	170
123	198
123	209
123	221
123	223
123	242
123	404
124	125
124	131
124	134
124	139
124	146
124	155
124	156
124	162
124	165
124	166
124	171
124	222
124	288
124	319
124	384
124	386
124	413
124	451
125	141
125	151
125	162
125	165
125	166
125	174
125	197
125	205
125	207
125	218
125	219
125	224
125	228
125	229
125	289
125	425
125	445
125	448
125	463
126	128
126	133
126	143
126	148
126	164
126	168
126	174
126	208
126	210
126	214
126	230
126	384
126	417
126	427
126	438
126	442
127	130
127	133
127	136
127	143
127	149
127	160
127	165
127	167
127	174
127	192
127	200
127	209
127	216
127	219
127	228
127	234
127	331
127	364
127	373
127	388
127	409
128	132
128	140
128	142
128	146
128	162
128	166
128	168
128	171
128	173
128	175
128	186
128	193
128	204
128	208
128	215
128	221
128	226
128	230
128	244
128	279
128	344
128	404
128	418
128	472
129	130
129	137
129	140
129	152
129	163
129	168
129	196
129	218
129	225
129	230
129	231
129	234
129	238
129	286
129	287
129	439
130	132
130	150
130	152
130	164
130	202
130	289
130	352
130	441
130	455
131	132
131	149
131	150
131	154
131	162
131	191
131	202
131	210
131	219
131	223
131	231
131	390
131	421
132	133
132	138
132	153
132	164
132	169
132	174
132	178
132	184
132	194
132	195
132	196
132	197
132	200
132	203
132	216
132	372
132	435
132	445
132	461
133	141
133	147
133	156
133	166
133	167
133	171
133	179
133	184
133	197
133	215
133	221
133	228
133	231
133	235
133	261
133	396
133	404
133	441
134	140
134	158
134	166
134	176
134	185
134	190
134	192
134	193
134	198
134	202
134	204
134	207
134	228
134	391
134	427
134	445
134	449
135	151
135	154
135	159
135	164
135	168
135	179
135	202
135	211
135	224
135	225
135	228
135	229
135	319
135	447
136	145
136	160
136	165
136	167
136	173
136	180
136	185
136	193
136	200
136	203
136	205
136	206
136	212
136	217
136	220
136	229
136	238
137	155
137	156
137	163
137	167
137	170
137	212
137	219
137	221
137	225
137	229
137	238
137	264
137	358
137	371
138	144
138	151
138	161
138	181
138	184
138	197
138	198
138	222
138	225
138	272
138	423
139	141
139	152
139	172
139	185
139	190
139	215
139	221
139	222
139	224
139	234
139	349
139	360
139	418
140	167
140	170
140	178
140	197
140	201
140	207
140	208
140	222
140	261
140	366
141	142
141	162
141	174
141	177
141	181
141	182
141	192
141	198
141	201
141	202
141	204
141	206
141	207
141	221
141	223
141	233
141	268
141	365
142	154
142	165
142	170
142	176
142	180
142	198
142	210
142	236
142	237
142	330
142	337
142	396
143	153
143	162
143	189
143	190
143	193
143	194
143	200
143	202
143	208
143	223
143	228
143	239
143	279
143	434
144	153
144	169
144	187
144	192
144	200
144	259
144	288
144	361
144	380
144	390
145	150
145	153
145	172
145	191
145	217
145	232
145	308
145	361
146	148
146	150
146	154
146	156
146	160
146	173
146	180
146	183
146	213
146	215
146	219
146	229
146	232
146	234
146	238
146	374
146	410
147	153
147	167
147	176
147	187
147	189
147	197
147	201
147	204
147	207
147	213
147	218
147	228
147	236
147	240
147	248
147	431
148	154
148	170
148	177
148	192
148	203
148	206
148	209
148	222
148	223
148	226
148	227
148	233
148	239
148	283
148	310
148	423
148	431
148	458
149	153
149	160
149	161
149	170
149	171
149	181
149	185
149	201
149	203
149	227
149	229
149	232
149	379
149	383
149	467
150	153
150	154
150	158
150	160
150	174
150	179
150	186
150	197
150	199
150	205
150	207
150	209
150	227
150	231
150	235
150	239
150	423
150	437
150	451
150	459
150	526
151	154
151	159
151	166
151	171
151	172
151	177
151	183
151	186
151	189
151	201
151	207
151	213
151	214
151	218
151	342
151	363
151	364
151	402
151	460
152	157
152	165
152	183
152	184
152	207
152	216
152	232
152	239
152	278
152	364
152	389
152	404
152	439
152	443
153	156
153	157
153	162
153	163
153	168
153	185
153	189
153	209
153	212
153	216
153	226
153	227
153	239
153	387
153	428
154	174
154	198
154	199
154	204
154	219
154	226
154	228
154	229
154	259
154	402
155	156
155	164
155	169
155	170
155	177
155	189
155	198
155	213
155	220
155	221
155	226
155	231
155	234
155	266
155	361
155	454
156	159
156	160
156	165
156	168
156	183
156	189
156	216
156	220
156	228
156	229
156	232
156	233
156	340
156	411
157	175
157	176
157	179
157	215
157	222
157	224
157	233
157	239
157	260
157	344
158	165
158	179
158	181
158	185
158	201
158	203
158	205
158	219
158	234
158	249
158	251
158	270
158	310
158	337
158	451
158	508
159	160
159	167
159	170
159	174
159	190
159	191
159	257
159	282
159	348
159	380
159	430
159	436
159	473
160	165
160	167
160	172
160	192
160	196
160	205
160	211
160	214
160	221
160	242
160	346
160	362
160	388
160	468
161	162
161	165
161	168
161	184
161	207
161	226
161	234
161	238
161	316
161	380
161	381
161	410
162	164
162	189
162	193
162	204
162	221
162	236
162	323
162	367
162	375
162	399
163	164
163	178
163	186
163	199
163	200
163	202
163	207
163	210
163	224
163	231
163	235
163	331
163	374
163	437
163	461
164	167
164	176
164	201
164	204
164	205
164	207
164	212
164	231
164	238
164	353
164	414
164	449
164	469
164	476
165	168
165	180
165	183
165	186
165	197
165	207
165	231
165	323
165	382
165	383
165	399
165	411
165	435
165	436
165	460
165	475
166	183
166	190
166	201
166	207
166	211
166	212
166	234
166	236
166	248
166	332
166	350
166	368
166	418
166	452
167	172
167	174
167	183
167	184
167	191
167	193
167	196
167	209
167	211
167	220
167	229
167	231
167	235
167	298
167	411
167	422
167	430
168	194
168	206
168	219
168	225
168	234
168	236
168	336
168	391
168	400
168	417
168	441
168	446
168	453
168	464
169	179
169	181
169	190
169	197
169	225
169	234
169	236
169	239
169	258
169	353
169	362
169	377
169	395
169	416
169	434
169	450
170	181
170	193
170	198
170	200
170	201
170	218
170	220
170	230
170	231
170	239
170	248
170	258
170	268
170	286
170	327
170	381
170	429
170	543
171	178
171	181
171	183
171	197
171	203
171	206
171	214
171	215
171	217
171	223
171	232
171	236
171	341
171	382
171	423
171	428
172	176
172	181
172	196
172	199
172	208
172	218
172	221
172	224
172	257
172	348
172	441
172	444
173	175
173	182
173	191
173	193
173	202
173	235
173	241
173	256
173	272
173	388
173	453
173	462
173	467
174	178
174	182
174	187
174	199
174	203
174	204
174	212
174	234
174	265
174	290
174	382
174	385
174	395
174	406
174	409
174	459
174	464
174	469
175	183
175	186
175	192
175	199
175	220
175	227
175	237
175	246
175	249
175	340
175	368
175	395
176	180
176	183
176	188
176	205
176	207
176	210
176	224
176	228
176	232
176	238
176	269
176	293
176	316
176	350
176	356
176	368
176	407
176	425
176	466
177	181
177	188
177	205
177	228
177	229
177	244
177	340
177	390
177	437
177	469
178	180
178	198
178	202
178	205
178	207
178	216
178	223
178	226
178	234
178	237
178	296
178	306
178	323
178	364
179	193
179	212
179	224
179	231
179	251
179	399
179	450
179	475
179	494
180	183
180	190
180	201
180	210
180	219
180	224
180	230
180	299
180	342
180	361
180	377
181	190
181	197
181	204
181	312
181	320
181	370
181	391
181	394
181	440
182	188
182	195
182	208
182	214
182	220
182	226
182	231
182	235
182	240
182	253
182	305
183	184
183	191
183	205
183	208
183	209
183	229
183	230
183	232
183	248
183	306
183	361
183	367
183	404
183	406
183	445
183	470
184	186
184	194
184	200
184	208
184	217
184	227
184	231
184	239
184	442
184	458
185	206
185	224
185	227
185	229
185	233
185	277
185	279
185	298
185	366
185	470
185	472
186	193
186	205
186	208
186	225
186	237
186	299
186	312
186	323
186	429
186	472
187	206
187	207
187	214
187	221
187	229
187	236
187	273
187	281
187	296
187	371
187	406
188	199
188	221
188	224
188	367
188	424
188	450
188	454
189	201
189	203
189	233
189	385
189	448
189	461
190	206
190	220
190	228
190	232
190	302
190	383
190	398
190	407
190	437
190	472
190	475
191	205
191	223
191	229
191	235
191	254
191	270
191	417
191	462
191	478
192	199
192	203
192	217
192	220
192	222
192	382
192	424
193	210
193	226
193	231
193	335
193	382
193	422
193	435
194	209
194	210
194	220
194	421
194	440
194	461
195	205
195	212
195	227
195	229
195	230
195	236
195	270
195	366
195	428
195	489
196	287
196	309
196	390
196	410
196	478
197	207
197	210
197	224
197	228
197	235
197	236
197	323
197	443
198	203
198	212
198	213
198	221
198	231
198	236
198	237
198	245
198	252
198	255
198	314
198	337
198	361
198	410
198	468
198	599
199	205
199	210
199	216
199	221
199	224
199	476
200	201
200	238
200	259
200	271
201	211
201	226
201	232
201	234
201	303
201	315
201	366
201	478
202	206
202	208
202	215
202	220
202	224
202	465
203	204
203	209
203	210
203	216
203	220
203	238
203	449
203	458
203	539
204	206
204	207
204	209
204	210
204	215
204	216
204	219
204	380
204	393
204	394
204	418
204	422
204	449
205	214
205	225
205	238
205	239
205	256
205	328
205	399
205	412
205	464
205	479
206	231
206	238
206	243
206	248
206	277
206	281
206	285
206	317
206	365
206	366
206	434
207	208
207	212
207	214
207	217
207	218
207	222
207	223
207	229
207	239
207	429
207	460
207	462
208	212
208	215
208	220
208	222
208	279
208	377
208	378
209	219
209	220
209	222
209	229
209	237
209	346
209	383
209	396
209	437
209	471
210	217
210	222
210	223
210	226
210	228
210	234
210	264
210	364
210	402
210	416
211	212
211	217
211	226
211	227
211	228
211	236
211	252
211	354
211	384
211	390
211	467
212	214
212	215
212	255
212	391
212	403
212	430
213	221
213	234
213	239
214	216
214	225
214	230
214	233
214	235
214	236
214	237
214	238
214	290
214	357
214	387
214	407
214	474
215	216
215	218
215	220
215	222
215	223
215	304
215	351
215	412
215	467
215	470
216	235
216	305
216	414
216	423
216	454
217	238
217	241
217	368
217	392
217	398
217	427
217	447
217	469
218	219
218	238
218	263
218	349
218	413
218	449
218	475
219	225
219	231
219	234
219	237
219	273
219	280
219	378
219	449
220	224
220	236
221	222
221	224
221	229
221	238
221	239
221	305
221	316
221	476
222	228
222	232
222	235
222	238
222	250
222	283
222	324
222	415
222	418
222	426
222	458
223	233
223	243
223	271
224	366
224	388
224	422
224	432
224	445
224	477
225	230
225	234
225	239
225	344
225	406
226	227
226	241
226	294
227	229
227	274
227	295
227	364
227	403
227	451
228	230
229	242
229	319
229	367
229	395
229	422
230	236
230	310
230	384
230	424
230	429
230	431
231	233
231	248
231	299
231	334
231	382
231	384
231	409
231	422
231	451
231	469
232	234
232	267
232	279
232	342
232	402
232	428
232	451
232	463
233	424
233	539
234	356
234	395
234	409
234	465
235	358
235	443
236	238
236	242
236	250
236	292
236	298
236	334
236	438
236	450
236	548
237	238
237	254
238	392
239	310
239	416
239	434
239	473
239	474
240	247
240	253
240	274
240	296
240	298
240	300
240	303
240	305
240	306
240	311
240	314
240	329
240	332
240	333
240	335
240	353
240	358
240	397
241	248
241	250
241	259
241	268
241	270
241	277
241	290
241	320
241	351
241	354
241	359
242	249
242	267
242	271
242	276
242	286
242	287
242	289
242	293
242	307
242	310
242	314
242	317
242	320
242	327
242	330
242	344
242	345
242	356
242	357
242	358
242	417
243	268
243	274
243	280
243	293
243	301
243	305
243	317
243	326
243	327
243	348
243	357
243	358
243	399
244	246
244	247
244	250
244	261
244	276
244	282
244	285
244	294
244	301
244	302
244	303
244	304
244	313
244	319
244	320
244	322
244	324
244	327
244	328
244	331
244	342
244	343
244	352
245	247
245	274
245	282
245	284
245	310
245	319
245	341
245	467
246	247
246	249
246	262
246	274
246	280
246	296
246	307
246	308
246	316
246	317
246	324
246	326
246	338
246	349
247	250
247	257
247	282
247	297
247	319
247	323
247	334
247	347
247	470
248	249
248	253
248	264
248	274
248	287
248	295
248	297
248	300
248	305
248	312
248	329
248	331
248	335
248	352
249	250
249	251
249	252
249	254
249	255
249	258
249	260
249	261
249	263
249	267
249	268
249	275
249	280
249	297
249	298
249	303
249	323
249	347
249	400
249	444
250	252
250	254
250	265
250	272
250	279
250	286
250	289
250	297
250	318
250	319
250	321
250	333
250	336
251	255
251	264
251	285
251	290
251	297
251	299
251	308
251	324
251	325
251	328
251	330
251	332
251	337
251	349
251	354
251	359
252	256
252	259
252	271
252	292
252	293
252	325
252	327
252	333
252	334
252	338
252	341
253	269
253	270
253	294
253	315
253	325
253	327
253	344
253	352
253	355
253	358
253	477
254	255
254	260
254	263
254	271
254	284
254	312
254	316
254	337
254	343
254	344
254	346
254	438
254	442
255	258
255	260
255	289
255	327
255	343
255	371
256	270
256	276
256	279
256	308
256	311
256	313
256	316
256	325
256	329
256	350
256	352
256	414
256	431
257	261
257	280
257	307
257	329
257	341
257	343
257	383
258	259
258	285
258	290
258	300
258	311
258	316
258	324
258	327
258	332
258	346
258	353
258	365
258	393
258	478
259	261
259	267
259	269
259	288
259	298
259	307
259	319
259	321
259	322
259	323
259	351
259	353
259	416
260	264
260	266
260	267
260	269
260	288
260	294
260	295
260	321
260	323
260	326
260	327
260	335
260	336
260	352
260	354
261	287
261	288
261	291
261	300
261	303
261	311
261	317
261	323
261	336
261	338
261	343
261	354
262	278
262	285
262	295
262	296
262	303
262	310
262	317
262	319
262	330
262	334
262	341
262	349
262	428
262	434
262	438
262	442
263	270
263	271
263	273
263	278
263	279
263	287
263	290
263	291
263	292
263	322
263	345
263	347
263	355
263	358
263	359
263	408
263	410
263	425
264	278
264	284
264	292
264	305
264	307
264	317
264	318
264	330
264	336
264	346
265	276
265	279
265	281
265	286
265	287
265	288
265	299
265	310
265	315
265	318
265	333
265	340
265	349
265	351
265	354
266	276
266	292
266	296
266	297
266	303
266	315
266	318
266	322
266	324
266	327
266	329
266	341
266	354
267	269
267	271
267	281
267	282
267	288
267	290
267	324
267	339
267	348
267	350
267	355
267	416
268	270
268	277
268	281
268	299
268	303
268	306
268	321
268	344
268	349
268	351
268	354
268	355
268	358
268	399
268	418
268	429
268	447
269	278
269	280
269	281
269	282
269	306
269	316
269	319
269	320
269	335
269	348
269	355
269	401
270	272
270	274
270	279
270	282
270	289
270	291
270	331
270	340
270	351
270	379
270	448
271	275
271	311
271	316
271	318
271	324
271	326
271	338
271	341
271	345
272	285
272	291
272	294
272	295
272	304
272	318
272	345
272	346
272	353
273	280
273	288
273	292
273	326
273	329
273	330
273	348
273	355
273	359
274	283
274	308
274	320
274	321
274	328
274	333
274	337
274	411
275	295
275	303
275	304
275	306
275	314
275	332
275	449
276	277
276	286
276	287
276	324
276	335
276	336
276	341
276	346
276	349
276	364
276	421
276	426
277	283
277	287
277	291
277	300
277	302
277	304
277	308
277	311
277	312
277	322
277	324
277	325
277	332
277	338
277	341
277	352
278	285
278	288
278	298
278	318
278	326
278	334
278	352
278	380
279	283
279	286
279	289
279	295
279	319
279	320
279	321
279	327
279	328
279	331
279	335
279	349
279	353
279	356
279	376
280	295
280	306
280	309
280	330
280	331
280	335
280	365
280	387
280	449
280	471
281	294
281	312
281	317
281	318
281	328
281	329
281	341
281	350
281	351
281	365
282	286
282	290
282	303
282	304
282	309
282	327
282	345
282	347
282	438
283	289
283	290
283	309
283	315
283	326
283	328
283	330
283	335
283	340
283	341
283	346
283	353
283	359
283	459
283	462
284	292
284	306
284	315
284	316
284	336
285	298
285	303
285	308
285	313
285	321
285	322
285	326
285	342
285	358
285	364
285	368
285	433
286	288
286	289
286	297
286	323
286	325
286	327
286	337
286	338
286	344
287	292
287	305
287	308
287	316
287	327
287	329
287	331
287	334
287	343
287	375
287	409
288	291
288	307
288	317
288	320
288	322
288	450
289	296
289	307
289	312
289	324
289	353
289	369
289	427
289	446
290	295
290	309
290	315
290	318
290	321
290	340
290	342
290	359
290	367
291	297
291	298
291	301
291	311
291	312
291	327
291	343
291	344
291	345
291	347
291	377
291	437
292	307
292	314
292	342
292	349
292	417
293	310
293	311
293	317
293	326
293	348
293	350
293	354
294	298
294	314
294	315
294	335
294	347
294	353
294	442
295	302
295	325
295	346
295	353
295	358
296	298
296	299
296	300
296	302
296	309
296	314
296	316
296	321
296	325
296	333
296	357
296	391
297	305
297	309
297	318
297	325
297	329
297	341
297	342
297	344
298	316
298	326
298	329
298	339
298	340
298	349
298	458
299	300
299	301
299	337
299	347
299	351
299	353
299	401
300	313
300	316
300	317
300	322
300	325
300	327
300	343
300	355
300	425
301	304
301	322
301	330
301	338
301	350
301	427
302	307
302	313
302	315
302	323
302	325
302	332
302	340
302	352
302	355
302	365
302	366
303	305
303	315
303	322
303	328
303	342
303	347
303	350
303	425
304	316
304	329
304	352
304	357
305	311
305	318
305	320
305	335
305	346
305	352
305	376
305	428
306	314
306	325
306	358
306	359
306	465
307	309
307	316
307	322
307	325
307	332
307	338
307	351
307	405
308	333
308	338
308	353
308	365
308	403
308	433
308	441
309	310
309	317
309	324
309	325
309	331
309	340
309	349
309	352
309	358
310	320
310	335
310	337
310	358
310	399
311	319
311	324
311	326
311	327
311	331
311	355
311	376
312	313
312	317
312	339
312	357
312	359
312	363
312	417
313	315
313	328
313	334
313	347
313	351
313	352
313	354
313	356
313	415
314	319
314	333
314	334
314	340
314	357
314	359
314	374
314	439
315	336
315	337
315	338
315	340
315	341
315	376
316	329
316	334
316	336
316	347
316	369
316	460
317	321
317	323
317	355
317	356
317	444
318	320
318	325
318	345
318	347
318	350
318	358
318	359
318	452
319	322
319	336
319	343
319	356
319	424
319	447
320	324
320	342
320	345
320	351
320	357
321	323
321	329
321	330
321	331
321	334
321	341
321	350
321	356
321	380
321	466
322	325
322	327
322	329
322	331
322	340
322	347
322	349
322	413
323	337
323	343
323	353
323	356
323	409
324	329
324	331
324	334
324	356
324	359
324	373
324	472
325	342
325	349
325	358
325	449
325	474
326	333
326	335
326	339
326	346
326	358
327	329
327	332
327	336
327	346
327	349
327	356
328	330
328	331
328	340
328	343
328	358
328	454
329	339
329	344
329	408
330	336
330	339
330	342
331	337
331	345
332	339
332	340
332	342
332	357
333	343
333	350
333	359
334	335
334	336
334	338
334	357
334	358
334	362
334	411
335	337
335	348
335	355
336	337
336	339
336	353
336	355
336	422
336	469
336	471
337	340
337	341
337	345
337	357
339	348
340	349
340	350
340	362
340	371
340	380
341	351
342	343
342	358
342	447
342	464
343	349
343	350
344	349
344	399
344	477
345	352
346	348
346	355
346	357
346	358
346	417
347	348
347	357
347	434
348	349
348	431
349	354
349	359
350	357
350	358
350	359
350	379
351	355
352	358
352	375
353	357
354	397
354	472
356	358
357	381
357	440
357	449
360	368
360	389
360	395
360	397
360	416
360	421
360	436
360	451
360	467
360	472
360	478
361	367
361	375
361	376
361	381
361	411
361	428
361	440
361	443
361	456
361	457
361	458
361	469
361	474
362	370
362	374
362	376
362	378
362	379
362	427
362	439
362	450
362	451
362	453
362	454
362	468
362	471
362	478
362	484
363	384
363	386
363	387
363	393
363	395
363	398
363	403
363	414
363	417
363	426
363	429
363	457
363	460
363	471
364	366
364	394
364	400
364	402
364	409
364	422
364	440
364	444
364	453
364	465
364	469
364	555
365	366
365	367
365	373
365	379
365	386
365	389
365	392
365	393
365	397
365	402
365	403
365	405
365	407
365	412
365	415
365	434
365	443
365	444
365	454
365	474
365	479
365	535
365	537
365	593
366	385
366	402
366	404
366	433
366	434
366	436
366	439
366	447
366	464
366	467
366	469
366	472
366	476
366	538
367	371
367	392
367	393
367	402
367	403
367	409
367	429
367	443
367	451
367	456
367	465
367	548
368	392
368	394
368	398
368	401
368	422
368	432
368	442
368	447
368	453
369	373
369	380
369	383
369	385
369	403
369	406
369	414
369	423
369	432
369	435
369	448
369	449
369	453
369	461
369	468
369	478
370	371
370	378
370	390
370	402
370	410
370	412
370	416
370	429
370	436
370	445
370	449
370	462
370	473
370	477
370	478
370	486
371	375
371	421
371	435
371	441
371	450
371	454
371	459
371	470
371	540
372	376
372	383
372	419
372	425
372	431
372	441
372	442
372	453
372	454
372	458
372	461
372	540
373	377
373	379
373	382
373	394
373	398
373	403
373	404
373	410
373	419
373	422
373	430
373	437
373	447
373	451
373	458
373	471
373	472
373	477
374	385
374	389
374	436
374	454
374	460
374	468
374	469
374	470
374	475
374	503
375	381
375	384
375	405
375	415
375	422
375	425
375	433
375	436
375	443
375	445
375	464
375	477
376	377
376	381
376	387
376	402
376	411
376	420
376	432
376	459
376	464
376	473
376	475
376	476
376	527
376	567
376	574
377	380
377	385
377	388
377	389
377	390
377	391
377	415
377	419
377	424
377	431
377	462
377	473
378	384
378	397
378	399
378	416
378	417
378	434
378	435
378	436
378	445
378	449
378	458
378	464
379	386
379	400
379	415
379	417
379	421
379	422
379	423
379	425
379	433
379	434
379	436
379	445
379	463
379	514
379	541
380	390
380	396
380	415
380	423
380	426
380	430
380	449
380	450
380	462
380	473
380	477
380	483
381	382
381	386
381	387
381	394
381	403
381	407
381	408
381	409
381	421
381	424
381	435
381	442
381	456
381	460
381	463
381	468
381	475
381	478
382	390
382	397
382	410
382	418
382	423
382	425
382	446
382	449
382	476
383	394
383	404
383	427
383	440
383	443
383	455
383	456
383	459
383	463
383	465
383	476
383	478
384	389
384	406
384	415
384	424
384	459
384	472
384	478
384	492
385	387
385	393
385	412
385	421
385	425
385	433
385	436
385	453
385	546
386	398
386	413
386	415
386	440
386	450
386	454
386	457
386	467
386	474
386	475
387	398
387	409
387	414
387	415
387	426
387	447
387	453
387	470
387	471
387	475
387	476
387	520
388	389
388	399
388	402
388	405
388	416
388	417
388	425
388	430
388	431
388	440
388	453
388	469
388	478
388	479
388	570
389	392
389	409
389	413
389	414
389	424
389	425
389	426
389	438
389	454
389	466
389	471
389	475
390	404
390	407
390	415
390	436
390	441
390	454
390	457
390	474
390	476
390	477
390	538
390	543
391	406
391	419
391	446
391	448
391	451
391	452
391	457
391	467
391	470
391	471
391	515
392	395
392	397
392	405
392	408
392	414
392	415
392	421
392	429
392	440
392	448
392	451
392	453
392	454
392	455
392	582
393	395
393	401
393	404
393	408
393	410
393	418
393	445
393	447
393	488
393	503
394	428
394	429
394	436
394	442
394	445
394	473
394	475
394	476
394	478
394	479
394	594
395	401
395	425
395	433
395	441
395	450
395	452
395	465
395	471
395	491
395	506
395	557
396	399
396	404
396	412
396	414
396	435
396	437
396	439
396	447
396	449
396	460
396	470
396	478
396	482
396	563
397	414
397	426
397	434
397	442
397	446
397	449
397	458
397	474
397	477
398	408
398	410
398	413
398	442
398	443
398	444
398	451
398	459
398	465
398	473
399	401
399	404
399	429
399	434
399	461
399	472
399	473
399	475
399	476
399	478
400	421
400	423
400	431
400	432
400	434
400	456
400	458
400	464
400	467
400	474
400	495
400	553
401	402
401	406
401	426
401	428
401	430
401	438
401	443
401	444
401	459
401	460
402	416
402	423
402	438
402	441
402	448
402	450
402	462
402	464
402	470
402	478
402	479
402	482
403	407
403	410
403	416
403	418
403	423
403	431
403	438
403	439
403	445
403	453
403	455
403	459
403	461
403	477
404	409
404	411
404	422
404	424
404	434
404	455
404	460
404	467
404	469
404	472
404	478
405	407
405	415
405	419
405	428
405	454
405	456
405	457
406	413
406	421
406	459
406	461
406	468
406	469
406	511
407	417
407	419
407	477
407	523
407	539
408	409
408	414
408	450
408	462
408	464
408	507
409	411
409	420
409	430
409	440
409	449
409	462
409	463
409	466
409	470
409	471
409	472
409	483
410	416
410	422
410	423
410	433
410	434
410	437
410	446
410	452
410	455
410	465
410	469
410	478
411	415
411	418
411	419
411	423
411	435
411	454
411	459
411	465
411	505
412	417
412	451
412	461
412	465
412	555
413	423
413	429
413	438
413	439
413	442
413	444
413	450
413	461
413	462
413	519
413	594
414	437
414	445
414	463
414	464
415	427
415	433
415	436
415	437
415	440
415	441
415	454
415	462
415	548
416	435
416	452
416	455
416	457
416	476
416	502
417	419
417	426
417	431
417	463
417	465
417	557
418	419
418	431
418	454
419	427
419	443
419	463
419	465
419	471
419	476
419	504
419	514
420	423
420	432
420	450
420	455
420	458
420	460
420	465
420	479
420	596
421	431
421	433
421	434
421	442
421	450
421	453
421	455
421	459
421	466
421	475
422	433
422	438
422	444
422	467
422	473
423	431
423	442
423	444
423	449
423	450
423	453
423	457
423	465
423	471
423	477
423	545
424	433
424	440
424	457
424	461
424	464
424	479
424	585
425	428
425	437
425	439
425	440
425	442
425	443
425	447
425	451
425	453
425	454
425	459
425	463
425	465
425	468
425	522
426	427
426	432
427	428
427	438
427	467
427	471
427	476
427	478
428	431
428	447
428	453
428	454
428	457
428	463
428	464
428	544
428	547
428	552
429	446
429	472
429	474
429	527
429	534
430	432
430	440
430	454
430	455
430	471
430	474
430	479
430	590
431	432
431	436
431	444
431	453
431	456
431	457
431	464
431	575
431	583
432	437
432	451
432	456
432	474
432	475
433	436
433	449
433	451
433	458
433	460
433	465
433	475
434	444
434	476
435	441
435	450
435	459
435	473
435	475
435	545
436	441
436	449
436	450
436	461
436	462
436	467
436	474
436	476
436	570
437	466
437	476
437	479
438	453
438	481
439	478
439	514
439	566
440	447
441	447
441	463
441	477
441	497
442	446
442	456
442	459
442	461
442	467
442	468
442	474
442	477
443	446
443	453
443	454
443	461
443	469
443	472
443	509
444	474
444	479
444	518
444	530
444	543
445	446
445	449
445	450
445	461
445	464
445	473
445	510
446	451
446	452
446	513
447	449
447	452
447	456
447	461
447	463
447	464
447	472
447	473
447	514
448	450
448	453
448	458
448	462
448	468
448	469
448	474
448	544
449	464
449	465
449	472
449	476
450	464
450	479
450	514
450	535
451	464
451	471
451	474
452	453
452	456
452	467
452	475
452	477
452	505
453	475
454	456
454	457
454	463
454	467
454	476
455	459
455	464
455	466
455	496
456	458
456	474
457	460
457	463
457	469
457	470
457	471
457	487
458	474
458	476
458	478
459	464
459	473
459	475
461	465
461	477
462	472
462	530
463	481
464	467
464	470
464	474
464	476
465	467
465	472
465	479
465	571
466	474
466	479
467	468
467	472
467	479
467	522
468	469
468	474
468	478
468	528
469	508
469	537
469	562
470	472
470	473
470	479
470	574
471	479
471	501
471	506
471	510
471	595
472	520
473	550
473	591
474	475
474	477
474	537
474	541
475	498
476	571
479	488
479	589
480	492
480	498
480	511
480	512
480	514
480	516
480	519
480	533
480	551
480	571
481	493
481	495
481	501
481	510
481	521
481	529
481	561
481	576
481	582
481	599
482	483
482	497
482	511
482	523
482	539
482	551
482	554
482	555
482	567
482	577
482	590
482	595
482	597
483	491
483	495
483	524
483	559
483	563
483	572
483	573
483	576
483	584
483	587
484	487
484	494
484	502
484	503
484	507
484	530
484	531
484	549
484	566
484	568
484	576
484	579
485	497
485	501
485	510
485	511
485	523
485	528
485	529
485	532
485	542
485	558
485	559
485	588
485	592
486	503
486	505
486	514
486	520
486	532
486	538
486	546
486	549
486	552
486	553
486	567
486	577
486	590
487	497
487	498
487	503
487	505
487	513
487	519
487	533
487	538
487	568
487	570
487	572
487	587
487	595
487	596
488	490
488	491
488	492
488	510
488	528
488	530
488	536
488	541
488	544
488	548
488	551
488	557
488	559
488	560
488	563
488	570
488	596
489	491
489	495
489	513
489	518
489	519
489	524
489	529
489	536
489	541
489	549
489	550
489	551
489	553
489	554
489	555
489	559
489	562
489	564
489	580
489	585
489	587
489	593
490	493
490	498
490	501
490	503
490	523
490	531
490	536
490	549
490	566
490	574
491	532
491	537
491	541
491	542
491	552
491	553
491	554
491	559
491	565
491	566
491	568
491	569
491	577
491	584
491	587
491	589
491	596
492	503
492	514
492	529
492	530
492	540
492	543
492	554
492	556
492	568
492	588
492	598
493	494
493	496
493	497
493	505
493	509
493	530
493	536
493	539
493	540
493	545
493	553
493	555
493	565
493	568
493	582
493	583
494	507
494	508
494	509
494	530
494	546
494	549
494	578
494	592
494	595
495	530
495	532
495	550
495	551
495	552
495	576
495	584
495	591
495	596
496	502
496	505
496	508
496	516
496	520
496	531
496	537
496	539
496	543
496	547
496	550
496	577
496	583
496	596
497	513
497	525
497	535
497	539
497	542
497	558
497	567
497	571
497	578
497	592
497	593
497	599
498	499
498	503
498	535
498	574
498	576
498	589
498	591
498	595
498	596
499	502
499	506
499	509
499	518
499	525
499	528
499	544
499	546
499	570
499	578
499	582
499	590
499	593
499	596
499	598
500	520
500	523
500	526
500	530
500	546
500	551
500	554
500	560
500	561
500	564
500	574
500	582
500	584
501	509
501	510
501	512
501	513
501	524
501	540
501	545
501	560
501	562
501	567
501	574
501	581
501	589
501	590
501	599
502	513
502	536
502	541
502	557
502	560
502	571
502	578
502	587
502	597
503	506
503	532
503	569
503	573
504	531
504	546
504	549
504	553
504	556
504	563
504	564
504	586
505	508
505	519
505	531
505	547
505	555
505	585
506	538
506	544
506	549
506	550
506	553
506	572
506	580
506	582
506	587
506	594
507	526
507	535
507	539
507	544
507	553
507	555
507	556
507	573
507	575
508	513
508	514
508	523
508	524
508	532
508	539
508	540
508	552
508	569
508	577
508	589
508	599
509	541
509	547
509	555
509	559
509	582
509	589
509	592
510	517
510	535
510	545
510	550
510	552
510	555
510	560
510	568
510	572
510	575
510	584
510	585
510	591
511	512
511	513
511	533
511	551
511	554
511	561
511	563
511	565
511	571
511	579
511	580
511	583
512	519
512	533
512	538
512	547
512	563
512	570
512	580
512	587
512	598
513	532
513	534
513	542
513	543
513	544
513	548
513	561
513	566
513	573
513	574
513	575
513	578
513	583
514	518
514	528
514	530
514	563
514	572
514	587
515	530
515	539
515	540
515	552
515	553
515	560
515	562
515	571
515	574
515	587
515	597
515	598
516	519
516	532
516	533
516	534
516	536
516	546
516	548
516	552
516	558
516	584
516	585
516	586
516	589
517	520
517	541
517	554
517	559
517	569
517	572
517	577
517	581
517	586
517	598
518	519
518	524
518	525
518	530
518	533
518	553
518	571
518	574
518	589
518	594
518	596
519	536
519	542
519	547
519	553
519	554
519	555
519	559
519	570
519	574
519	577
519	580
519	588
519	592
520	541
520	544
520	548
520	556
520	561
520	570
521	523
521	524
521	529
521	535
521	539
521	552
521	555
521	565
521	582
521	586
522	532
522	537
522	538
522	552
522	555
522	565
522	572
522	576
522	590
522	597
523	537
523	540
523	556
523	558
523	562
523	571
523	581
523	592
523	593
524	544
524	548
524	549
524	557
524	577
524	578
524	595
525	540
525	541
525	546
525	570
525	577
525	578
525	579
525	580
525	588
526	527
526	541
526	543
526	545
526	548
526	556
526	563
526	567
526	576
526	593
526	595
527	536
527	546
527	548
527	551
527	593
528	542
528	548
528	549
528	558
528	561
528	568
528	572
529	550
529	559
529	569
529	571
529	572
529	575
529	585
530	531
530	535
530	538
530	539
530	541
530	561
530	579
530	580
530	584
531	541
531	542
531	580
531	582
531	590
531	596
532	541
532	547
532	550
532	554
532	555
532	560
532	566
532	572
532	573
532	577
532	578
532	584
532	595
533	534
533	539
533	541
533	549
533	557
533	560
533	564
533	565
533	577
533	586
534	537
534	563
534	564
534	568
534	571
534	578
534	585
534	586
535	540
535	545
535	546
535	554
535	577
535	593
536	550
536	560
536	572
536	576
536	582
536	593
536	596
537	557
537	567
537	574
537	583
537	590
537	594
537	595
538	540
538	547
538	567
538	573
538	575
538	578
538	579
538	587
538	595
538	596
539	552
539	561
539	577
539	585
539	588
539	590
540	545
540	577
540	578
540	581
540	585
541	542
541	552
541	570
541	579
541	580
541	585
541	599
542	544
542	545
542	547
542	549
542	554
542	570
542	574
542	593
543	551
543	552
543	558
543	566
543	568
543	578
543	596
544	551
544	552
544	557
544	565
544	570
544	573
544	587
544	596
545	549
545	559
545	562
545	579
545	586
545	588
545	597
546	551
546	552
546	568
546	570
546	576
546	577
547	553
547	565
547	573
547	580
547	588
547	591
547	596
548	549
548	552
548	572
548	587
549	557
549	566
549	567
549	579
549	583
550	573
550	574
550	593
551	553
551	556
551	560
551	567
551	572
551	574
551	582
551	584
551	588
551	591
551	593
552	563
552	572
552	576
552	578
552	590
552	596
553	564
553	565
553	580
553	586
553	594
553	596
553	597
554	561
554	565
554	585
554	586
554	589
554	597
555	557
555	568
555	572
555	588
555	592
555	594
555	596
555	599
556	562
556	563
556	564
556	568
557	568
557	575
557	586
557	587
557	590
557	592
558	570
558	575
558	589
558	593
558	595
558	599
559	560
559	564
559	577
559	597
560	578
560	579
560	581
560	583
560	586
561	562
561	563
561	585
561	598
562	568
562	573
562	586
562	587
562	598
562	599
563	565
563	574
563	587
563	588
563	589
563	595
564	568
564	588
564	594
565	568
565	592
566	567
566	570
566	575
566	593
566	595
567	581
567	589
568	569
568	572
568	584
568	586
568	596
569	577
569	596
569	597
569	598
569	599
570	574
570	589
570	594
570	598
571	573
571	585
571	587
571	596
572	579
572	588
572	591
573	591
574	577
574	581
574	586
574	597
575	588
575	597
577	578
577	579
577	593
577	599
578	584
578	585
578	589
579	584
579	587
579	592
580	583
580	586
580	594
581	583
581	595
581	598
583	596
584	585
584	596
585	592
585	597
586	596
586	599
587	599
589	592
590	597
591	595
593	598
595	596
595	598
